datetime,open,high,low,close,volume,iv,oi,spot,strike
2025-04-01 09:15:00,765.0,765.0,720.0,720.0,150,10.416097,450,23431.35,23250.0
2025-04-01 09:30:00,720.0,745.5,695.0,744.0,900,10.511919,27600,23508.65,23300.0
2025-04-01 09:45:00,744.0,766.65,744.0,763.0,450,10.895695,27375,23518.45,23300.0
2025-04-01 10:00:00,763.0,763.0,744.0,744.0,225,10.940544,27375,23490.2,23300.0
2025-04-01 10:15:00,744.0,790.0,713.0,775.0,150,11.702134,34350,23307.2,23100.0
2025-04-01 10:30:00,813.0,813.0,776.85,776.85,75,11.845249,14025,23319.95,23100.0
2025-04-01 10:45:00,776.85,786.95,776.85,780.6,300,11.958261,13950,23303.9,23100.0
2025-04-01 11:00:00,780.6,803.0,780.6,798.0,675,12.164131,349200,23223.25,23000.0
2025-04-01 11:15:00,798.0,798.0,798.0,798.0,0,12.164131,349200,23250.85,22900.0
2025-04-01 11:30:00,798.0,799.4,768.35,773.1,6300,11.902208,353250,23200.1,23000.0
2025-04-01 11:45:00,775.5,784.15,768.4,774.65,4125,12.01598,352875,23197.25,23000.0
2025-04-01 12:00:00,774.65,789.85,761.3,783.4,6225,12.013031,354675,23209.9,23000.0
2025-04-01 12:15:00,783.4,801.0,783.0,788.95,975,12.100948,355200,23213.9,23000.0
2025-04-01 12:30:00,784.0,790.4,781.7,790.4,600,11.901411,355200,23224.85,23000.0
2025-04-01 12:45:00,790.4,794.15,772.8,773.55,4050,11.985637,356700,23194.6,23000.0
2025-04-01 13:00:00,773.55,773.55,763.05,773.55,4125,12.099038,356325,23192.45,23000.0
2025-04-01 13:15:00,773.55,773.55,763.75,763.75,75,12.030856,356925,23154.55,22800.0
2025-04-01 13:30:00,763.75,763.75,760.7,760.7,75,11.973879,361950,23180.05,23000.0
2025-04-01 13:45:00,760.7,760.7,760.7,760.7,0,11.973879,361950,23154.75,22950.0
2025-04-01 14:00:00,760.7,767.0,760.7,762.05,2250,12.057331,365100,23178.3,23000.0
2025-04-01 14:15:00,762.05,762.05,762.05,762.05,0,12.057331,365100,23154.75,22800.0
2025-04-01 14:30:00,784.9,784.9,784.9,784.9,75,12.178127,1050,23157.55,22950.0
2025-04-01 14:45:00,784.9,784.9,784.9,784.9,0,12.178127,1050,23157.55,22950.0
2025-04-01 15:00:00,784.9,784.9,761.45,761.45,75,12.055642,367350,23178.0,23000.0
2025-04-01 15:15:00,761.45,761.45,750.25,752.0,1125,11.728107,363525,23179.7,23000.0
2025-04-02 09:15:00,600.0,772.1,600.0,765.0,3150,11.814042,365025,23202.25,23000.0
2025-04-02 09:30:00,765.0,765.0,730.0,750.4,450,11.683884,18375,23283.65,23100.0
2025-04-02 09:45:00,807.6,807.6,749.05,752.85,3300,11.41515,367875,23203.0,23000.0
2025-04-02 10:00:00,752.85,784.8,752.85,775.0,375,11.76177,367650,23218.95,23000.0
2025-04-02 10:15:00,775.0,775.0,775.0,775.0,0,11.76177,367650,51182.4,50800.0
2025-04-02 10:30:00,775.0,775.0,730.0,730.0,75,11.158713,18150,51147.55,50700.0
2025-04-02 10:45:00,730.0,737.0,725.55,737.0,75,11.348037,18000,23280.4,23100.0
2025-04-02 11:00:00,737.0,758.4,737.0,739.4,225,11.284105,18150,23286.7,23100.0
2025-04-02 11:15:00,739.4,739.4,739.0,739.0,75,11.474072,18150,23277.7,23100.0
2025-04-02 11:30:00,739.0,740.8,725.5,740.8,75,11.297547,18150,51149.1,50700.0
2025-04-02 11:45:00,740.8,740.8,724.9,724.9,75,10.98982,18000,51190.2,50800.0
2025-04-02 12:00:00,724.9,724.9,724.9,724.9,0,10.98982,18000,23279.65,23100.0
2025-04-02 12:15:00,724.9,724.9,724.9,724.9,0,10.98982,18000,23279.65,23100.0
2025-04-02 12:30:00,724.9,743.75,718.75,743.75,75,11.310128,18000,23292.3,23100.0
2025-04-02 12:45:00,743.75,743.75,743.75,743.75,0,11.310128,18000,23292.3,23100.0
2025-04-02 13:00:00,743.75,743.75,743.75,743.75,0,11.310128,18000,23292.3,23100.0
2025-04-02 13:15:00,743.75,743.75,743.75,743.75,0,11.310128,18000,23292.3,23100.0
2025-04-02 13:30:00,743.75,743.75,743.75,743.75,0,11.310128,18000,23292.3,23100.0
2025-04-02 13:45:00,743.75,743.75,743.75,743.75,0,11.310128,18000,23287.65,23100.0
2025-04-02 14:00:00,743.75,743.75,743.75,743.75,0,11.310128,18000,23292.3,23100.0
2025-04-02 14:15:00,743.75,743.75,743.75,743.75,0,11.310128,18000,23292.3,23100.0
2025-04-02 14:30:00,743.75,743.75,721.5,735.15,3600,10.674028,16575,23308.75,23100.0
2025-04-02 14:45:00,735.15,737.0,735.15,737.0,300,10.871615,16650,23303.0,23100.0
2025-04-02 15:00:00,736.95,738.0,736.95,738.0,1950,10.539126,16725,51362.1,51000.0
2025-04-02 15:15:00,738.0,738.0,738.0,738.0,0,10.539126,16725,51372.75,51000.0
2025-04-03 09:15:00,722.05,747.0,722.0,745.75,9900,11.031588,368550,23219.65,23000.0
2025-04-03 09:30:00,745.75,745.75,745.75,745.75,0,11.031588,368550,23219.65,23000.0
2025-04-03 09:45:00,745.75,745.75,745.75,745.75,0,11.031588,368550,23219.65,23000.0
2025-04-03 10:00:00,745.75,745.75,705.0,711.3,150,10.821432,18075,23277.6,23100.0
2025-04-03 10:15:00,711.3,726.6,711.3,726.6,225,10.773856,18075,23298.3,23100.0
2025-04-03 10:30:00,726.6,726.6,726.6,726.6,0,10.773856,18075,23301.05,23100.0
2025-04-03 10:45:00,726.6,726.6,715.0,715.0,75,10.960529,18150,23276.95,23100.0
2025-04-03 11:00:00,715.0,715.0,707.05,707.4,150,10.67435,18225,23278.95,23100.0
2025-04-03 11:15:00,707.4,707.4,707.4,707.4,0,10.67435,18225,51477.45,50600.0
2025-04-03 11:30:00,707.4,707.4,707.4,707.4,0,10.67435,18225,23278.95,23100.0
2025-04-03 11:45:00,707.4,707.4,707.4,707.4,0,10.67435,18225,23278.95,23100.0
2025-04-03 12:00:00,707.4,715.0,707.4,715.0,75,10.724705,18225,23287.7,23100.0
2025-04-03 12:15:00,706.0,706.0,706.0,706.0,75,10.729245,18150,23266.5,23050.0
2025-04-03 12:30:00,706.0,706.0,706.0,706.0,0,10.729245,18150,51450.6,50600.0
2025-04-03 12:45:00,706.0,706.0,706.0,706.0,0,10.729245,18150,51484.6,50600.0
2025-04-03 13:00:00,706.0,706.0,706.0,706.0,0,10.729245,18150,51466.2,50600.0
2025-04-03 13:15:00,706.0,706.0,706.0,706.0,0,10.729245,18150,51475.2,50600.0
2025-04-03 13:30:00,706.0,706.0,706.0,706.0,0,10.729245,18150,51580.85,50800.0
2025-04-03 13:45:00,706.0,706.0,706.0,706.0,0,10.729245,18150,51598.95,50800.0
2025-04-03 14:00:00,706.0,706.0,706.0,706.0,0,10.729245,18150,51559.8,50800.0
2025-04-03 14:15:00,706.0,706.0,706.0,706.0,0,10.729245,18150,51568.7,50800.0
2025-04-03 14:30:00,706.0,706.0,706.0,706.0,0,10.729245,18150,51567.5,50800.0
2025-04-03 14:45:00,706.0,706.0,706.0,706.0,0,10.729245,18150,51586.45,50800.0
2025-04-03 15:00:00,706.0,706.0,706.0,706.0,0,10.729245,18150,51613.55,50800.0
2025-04-03 15:15:00,706.0,706.0,706.0,706.0,0,10.729245,18150,51581.55,50800.0
2025-04-04 09:15:00,708.0,710.1,682.15,684.35,1650,10.370096,38100,23076.05,22900.0
2025-04-04 09:30:00,684.35,684.35,684.35,684.35,0,10.370096,38100,23062.25,22850.0
2025-04-04 09:45:00,684.35,750.1,684.35,705.5,375,10.440415,30000,22992.2,22800.0
2025-04-04 10:00:00,705.5,710.3,689.2,689.2,1125,10.557943,29850,22978.6,22800.0
2025-04-04 10:15:00,689.2,689.2,689.2,689.2,0,10.557943,29850,22978.6,22800.0
2025-04-04 10:30:00,689.2,689.2,689.2,689.2,0,10.557943,29850,22978.6,22800.0
2025-04-04 10:45:00,689.2,704.5,689.2,703.2,150,10.537855,29700,22999.15,22800.0
2025-04-04 11:00:00,703.2,721.3,697.6,721.3,375,10.747689,29400,23015.55,22800.0
2025-04-04 11:15:00,721.3,721.3,709.8,709.8,450,10.692199,29175,23004.8,22800.0
2025-04-04 11:30:00,709.8,710.35,709.8,710.35,375,10.906465,29100,22994.0,22800.0
2025-04-04 11:45:00,710.35,710.35,710.35,710.35,0,10.906465,29100,22994.0,22800.0
2025-04-04 12:00:00,710.35,710.35,710.35,710.35,0,10.906465,29100,22994.0,22800.0
2025-04-04 12:15:00,710.35,710.35,679.0,691.05,225,10.374822,27075,22989.7,22800.0
2025-04-04 12:30:00,691.05,691.05,691.05,691.05,0,10.374822,27075,22989.7,22800.0
2025-04-04 12:45:00,691.05,691.05,691.05,691.05,0,10.374822,27075,22989.7,22800.0
2025-04-04 13:00:00,691.05,691.05,691.05,691.05,0,10.374822,27075,22989.7,22800.0
2025-04-04 13:15:00,691.05,691.05,691.05,691.05,0,10.374822,27075,22989.7,22800.0
2025-04-04 13:30:00,691.05,691.05,691.05,691.05,0,10.374822,27075,22903.05,22700.0
2025-04-04 13:45:00,715.6,715.6,690.7,690.7,600,10.364811,36075,22893.6,22700.0
2025-04-04 14:00:00,690.7,695.0,689.65,695.0,450,10.11346,35925,22909.6,22700.0
2025-04-04 14:15:00,695.0,695.0,684.6,684.65,375,10.279197,35850,22895.4,22700.0
2025-04-04 14:30:00,684.65,690.0,684.65,690.0,150,10.210879,35700,22899.05,22700.0
2025-04-04 14:45:00,680.0,709.65,680.0,709.65,225,10.616431,750,22861.5,22650.0
2025-04-04 15:00:00,709.65,709.65,680.0,690.0,75,10.136206,29250,22911.0,22700.0
2025-04-04 15:15:00,690.0,699.5,690.0,699.5,1425,10.219128,29175,22912.05,22700.0
2025-04-07 09:30:00,794.35,848.55,794.35,848.55,5775,17.204979,104625,22021.7,21800.0
2025-04-07 09:45:00,848.55,848.55,708.15,708.15,1200,11.945934,825,22013.7,21800.0
2025-04-07 10:00:00,708.15,880.5,708.15,875.6,3000,18.168548,1650,21918.15,21700.0
2025-04-07 10:15:00,875.6,892.25,869.65,889.75,375,18.211087,3750,22005.15,21800.0
2025-04-07 10:30:00,889.75,926.0,888.8,926.0,750,19.333379,5700,22007.55,21800.0
2025-04-07 10:45:00,926.0,935.0,892.0,892.0,5100,18.73543,7650,21983.65,21800.0
2025-04-07 11:00:00,892.0,902.8,879.6,888.25,9000,18.563444,11625,21986.3,21800.0
2025-04-07 11:15:00,888.25,890.0,885.0,885.0,150,18.570868,11700,22009.1,21800.0
2025-04-07 11:30:00,885.0,885.0,885.0,885.0,0,18.570868,11700,22002.05,21800.0
2025-04-07 11:45:00,885.0,915.75,873.35,885.9,900,18.514545,12000,21985.4,21800.0
2025-04-07 12:00:00,885.9,919.8,885.9,903.1,225,19.004918,4800,21890.95,21700.0
2025-04-07 12:15:00,903.1,903.45,892.0,903.45,600,19.270714,5850,21881.95,21700.0
2025-04-07 12:30:00,903.45,903.45,903.45,903.45,0,19.270714,5850,21896.1,21700.0
2025-04-07 12:45:00,903.45,903.45,903.45,903.45,0,19.270714,5850,21881.95,21700.0
2025-04-07 13:00:00,903.45,903.45,879.0,891.0,450,18.922776,7500,21879.85,21700.0
2025-04-07 13:15:00,891.0,908.05,862.85,902.0,975,18.505144,7650,21898.1,21700.0
2025-04-07 13:30:00,902.0,902.0,861.0,893.5,750,18.937282,21975,21977.8,21800.0
2025-04-07 13:45:00,893.5,925.0,877.05,892.9,2025,18.620829,23700,21985.0,21800.0
2025-04-07 14:00:00,892.9,900.0,880.85,892.25,1275,18.532502,23400,21997.7,21800.0
2025-04-07 14:15:00,892.25,915.0,892.25,906.0,5025,18.54291,23700,22020.55,21800.0
2025-04-07 14:30:00,906.0,920.0,889.65,919.4,375,19.121153,26700,22000.2,21800.0
2025-04-07 14:45:00,919.4,919.4,919.4,919.4,0,19.121153,26700,22009.95,21800.0
2025-04-07 15:00:00,919.4,942.95,888.85,919.05,22950,19.402061,641850,22184.65,22000.0
2025-04-07 15:15:00,919.05,949.9,851.3,940.25,11700,19.297408,632325,22223.05,22000.0
2025-04-08 09:15:00,864.0,864.0,841.1,841.1,75,16.293152,42900,50743.5,49200.0
2025-04-08 09:30:00,841.1,841.1,805.0,813.75,900,16.046659,43200,22479.3,22300.0
2025-04-08 09:45:00,813.75,870.6,813.75,847.7,1725,16.538951,45150,22412.75,22200.0
2025-04-08 10:00:00,847.7,864.95,835.1,864.95,525,16.9509,44850,22383.95,22200.0
2025-04-08 10:15:00,864.95,864.95,825.0,836.05,1200,16.472061,44925,50377.55,48800.0
2025-04-08 10:30:00,836.05,926.55,835.0,848.0,900,17.126766,36975,22290.85,22100.0
2025-04-08 10:45:00,848.0,848.0,799.0,834.05,1650,16.765793,45225,22381.7,22200.0
2025-04-08 11:00:00,831.75,853.15,802.0,847.0,1050,17.091492,44400,22481.15,22300.0
2025-04-08 11:15:00,847.0,897.0,839.0,845.55,2175,16.931656,45300,22391.75,22200.0
2025-04-08 11:30:00,845.55,860.0,832.95,860.0,225,17.158764,44400,22403.25,22200.0
2025-04-08 11:45:00,860.0,874.0,848.0,857.5,1725,16.886032,45225,22412.5,22200.0
2025-04-08 12:00:00,857.5,867.85,815.0,863.0,1575,16.712463,44550,22524.2,22300.0
2025-04-08 12:15:00,863.0,866.05,741.95,822.05,975,16.149285,56325,22583.85,22400.0
2025-04-08 12:30:00,822.05,860.0,822.05,847.25,450,16.354114,55125,22612.6,22400.0
2025-04-08 12:45:00,847.25,847.25,847.25,847.25,0,16.354114,55125,22612.6,22400.0
2025-04-08 13:00:00,847.25,847.25,847.25,847.25,0,16.354114,55125,22612.6,22400.0
2025-04-08 13:15:00,847.25,847.25,819.0,831.9,1350,16.303488,433725,22687.3,22500.0
2025-04-08 13:30:00,831.9,887.0,827.75,863.0,2025,16.891359,52275,22587.2,22400.0
2025-04-08 13:45:00,863.0,912.0,863.0,880.0,1500,17.673365,39975,22505.65,22300.0
2025-04-08 14:00:00,880.0,880.0,845.05,856.95,600,17.449304,52125,22598.4,22400.0
2025-04-08 14:15:00,856.95,856.95,842.25,853.7,75,17.198629,3150,50653.05,49200.0
2025-04-08 14:30:00,853.7,884.1,853.05,854.05,450,17.312413,51675,22578.3,22400.0
2025-04-08 14:45:00,854.05,858.05,847.05,847.05,150,17.033685,52425,22577.8,22400.0
2025-04-08 15:00:00,847.05,875.15,829.45,875.15,75,18.095658,1725,22525.6,22350.0
2025-04-08 15:15:00,875.15,893.85,873.5,873.7,1125,17.128359,38700,22547.2,22350.0
2025-04-09 09:15:00,860.0,900.3,856.9,870.0,1950,18.127592,42375,22385.1,22200.0
2025-04-09 09:30:00,934.9,934.9,863.15,900.0,3975,18.51576,44850,22413.15,22200.0
2025-04-09 09:45:00,900.0,924.7,899.25,905.8,450,19.227877,44625,22387.85,22200.0
2025-04-09 10:00:00,905.8,910.0,902.55,902.55,1050,19.095625,45075,50169.6,49800.0
2025-04-09 10:15:00,902.55,911.7,892.9,903.95,900,18.689378,45675,22411.4,22200.0
2025-04-09 10:30:00,903.95,903.95,875.0,880.0,825,18.434358,45750,22386.6,22200.0
2025-04-09 10:45:00,880.0,882.95,879.0,880.1,600,18.104706,45675,22393.55,22200.0
2025-04-09 11:00:00,880.1,880.1,880.1,880.1,0,18.104706,45675,22402.7,22200.0
2025-04-09 11:15:00,880.1,880.1,870.0,878.0,675,18.269034,45825,22408.4,22200.0
2025-04-09 11:30:00,878.0,878.0,878.0,878.0,0,18.269034,45825,22391.85,22200.0
2025-04-09 11:45:00,878.0,878.0,878.0,878.0,0,18.269034,45825,22391.85,22200.0
2025-04-09 12:00:00,878.0,911.0,878.0,911.0,225,18.728914,45975,22421.45,22200.0
2025-04-09 12:15:00,911.0,911.0,911.0,911.0,0,18.728914,45975,22421.45,22200.0
2025-04-09 12:30:00,911.0,911.0,911.0,911.0,0,18.728914,45975,22421.45,22200.0
2025-04-09 12:45:00,911.0,911.0,911.0,911.0,0,18.728914,45975,22425.3,22250.0
2025-04-09 13:00:00,911.0,911.0,911.0,911.0,0,18.728914,45975,22421.45,22200.0
2025-04-09 13:15:00,911.0,923.0,911.0,920.65,150,19.09976,45450,22419.4,22200.0
2025-04-09 13:30:00,920.65,920.65,914.3,914.3,450,19.264531,45525,22402.7,22200.0
2025-04-09 13:45:00,914.3,914.3,914.3,914.3,0,19.264531,45525,22401.7,22200.0
2025-04-09 14:00:00,914.3,914.3,914.3,914.3,0,19.264531,45525,22402.25,22200.0
2025-04-09 14:15:00,914.3,917.0,914.3,917.0,300,19.272644,45900,22405.95,22200.0
2025-04-09 14:30:00,917.0,917.0,917.0,917.0,0,19.272644,45900,22403.7,22200.0
2025-04-09 14:45:00,917.0,917.0,917.0,917.0,0,19.272644,45900,22399.05,22200.0
2025-04-09 15:00:00,917.0,919.3,908.05,919.3,375,19.425596,46275,22402.7,22200.0
2025-04-09 15:15:00,919.3,920.0,915.0,920.0,1200,19.497208,46650,22420.4,22200.0
2025-04-11 09:15:00,890.0,961.25,824.2,880.0,9075,18.115225,6750,50796.2,50400.0
2025-04-11 09:30:00,852.9,880.0,828.9,848.3,4575,17.62931,10875,50986.1,50600.0
2025-04-11 09:45:00,848.3,904.6,848.3,872.0,975,18.475544,11475,22827.6,22650.0
2025-04-11 10:00:00,872.0,890.0,850.45,855.05,1050,17.829157,12000,22832.7,22650.0
2025-04-11 10:15:00,855.05,887.45,854.95,864.5,5250,17.834075,141075,22799.85,22600.0
2025-04-11 10:30:00,864.5,892.55,819.35,836.55,2850,17.255068,142275,22784.35,22600.0
2025-04-11 10:45:00,836.55,858.55,834.05,858.55,600,17.45843,142200,22808.8,22600.0
2025-04-11 11:00:00,858.55,870.85,827.5,844.95,450,17.272363,12525,50964.55,50600.0
2025-04-11 11:15:00,844.95,847.75,844.95,845.95,150,17.039135,12375,22857.1,22650.0
2025-04-11 11:30:00,845.95,851.15,815.6,820.0,1050,16.791245,317625,22876.6,22700.0
2025-04-11 11:45:00,820.0,852.3,814.0,841.0,225,16.778217,12150,22875.3,22700.0
2025-04-11 12:00:00,841.0,841.0,813.75,835.85,450,16.652505,317250,22907.85,22700.0
2025-04-11 12:15:00,835.85,851.4,826.25,830.65,1275,16.524394,316575,22906.05,22700.0
2025-04-11 12:30:00,830.65,831.15,809.85,816.4,7275,16.501635,317700,22893.25,22700.0
2025-04-11 12:45:00,816.4,835.6,816.4,823.25,2475,16.705882,318075,22886.45,22700.0
2025-04-11 13:00:00,823.25,849.6,823.25,847.25,2925,17.107514,318075,22904.5,22700.0
2025-04-11 13:15:00,847.25,847.25,831.95,831.95,75,16.957343,318150,22888.1,22700.0
2025-04-11 13:30:00,831.95,858.5,821.0,831.4,750,17.145588,318075,22878.45,22700.0
2025-04-11 13:45:00,831.4,831.4,831.4,831.4,0,17.145588,318075,22878.45,22700.0
2025-04-11 14:00:00,869.5,872.35,834.55,839.1,1350,17.33617,136125,22785.55,22600.0
2025-04-11 14:15:00,839.1,839.3,828.0,839.3,600,17.39896,136350,22769.8,22550.0
2025-04-11 14:30:00,839.3,850.5,820.0,850.5,2700,17.329958,136125,22804.75,22600.0
2025-04-11 14:45:00,850.5,863.85,850.5,863.25,300,17.341778,135450,51030.2,50600.0
2025-04-11 15:00:00,863.25,863.25,863.25,863.25,0,17.341778,135450,51005.8,50600.0
2025-04-11 15:15:00,863.25,879.25,843.4,846.0,1500,17.682456,12225,22828.85,22650.0
2025-04-15 09:15:00,699.8,794.6,699.8,738.35,32400,14.420468,139425,23297.65,23100.0
2025-04-15 09:30:00,738.35,780.0,704.35,736.5,20550,14.055059,119850,23310.95,23100.0
2025-04-15 09:45:00,736.5,742.15,704.8,730.0,8250,13.947742,121200,23306.1,23100.0
2025-04-15 10:00:00,730.0,735.0,720.0,721.0,3075,13.500463,121575,23312.1,23100.0
2025-04-15 10:15:00,721.0,726.5,714.3,719.65,2175,13.390432,120900,23314.9,23100.0
2025-04-15 10:30:00,719.65,719.65,713.05,715.05,1875,13.359788,121650,23309.6,23100.0
2025-04-15 10:45:00,715.05,721.7,711.05,712.45,3375,13.273915,121575,23309.55,23100.0
2025-04-15 11:00:00,712.45,713.9,704.85,708.0,5325,13.462127,121350,23295.15,23100.0
2025-04-15 11:15:00,708.0,716.0,707.65,714.35,2850,13.311546,120000,23311.0,23100.0
2025-04-15 11:30:00,714.35,714.35,710.15,714.2,2850,13.386032,118950,23307.75,23100.0
2025-04-15 11:45:00,714.2,714.2,708.5,710.45,1275,13.13919,118650,23312.8,23100.0
2025-04-15 12:00:00,710.45,712.5,684.0,697.95,4575,13.379133,25800,23332.55,23150.0
2025-04-15 12:15:00,697.95,697.95,684.1,695.0,13500,13.150767,17175,23338.15,23150.0
2025-04-15 12:30:00,695.0,695.0,695.0,695.0,0,13.150767,17175,23338.15,23150.0
2025-04-15 12:45:00,695.0,695.0,695.0,695.0,0,13.150767,17175,23338.15,23150.0
2025-04-15 13:00:00,695.0,695.0,695.0,695.0,75,12.956566,15600,23346.7,23150.0
2025-04-15 13:15:00,695.0,695.0,692.15,692.15,75,13.095109,15600,23336.75,23150.0
2025-04-15 13:30:00,692.15,692.15,692.15,692.15,0,13.095109,15600,23336.75,23150.0
2025-04-15 13:45:00,692.15,715.7,692.15,715.7,75,13.051091,117000,23325.0,23100.0
2025-04-15 14:00:00,715.7,715.7,699.95,701.5,1275,12.648908,114900,23321.2,23100.0
2025-04-15 14:15:00,701.5,704.5,700.5,700.5,450,12.567757,115500,23323.2,23100.0
2025-04-15 14:30:00,700.5,700.5,679.05,679.05,10125,12.147378,116025,23309.6,23100.0
2025-04-15 14:45:00,679.05,687.5,679.05,681.65,1800,12.124272,114900,23314.35,23100.0
2025-04-15 15:00:00,681.65,681.65,675.95,676.7,2475,11.871741,115275,23317.5,23100.0
2025-04-15 15:15:00,676.7,690.0,654.8,673.1,23100,12.285609,28950,23344.1,23150.0
2025-04-16 09:15:00,655.0,655.0,618.0,627.0,7875,11.108239,19800,23334.2,23150.0
2025-04-16 09:30:00,627.0,635.0,626.1,634.05,5700,11.197606,13350,23357.7,23150.0
2025-04-16 09:45:00,634.05,634.05,634.05,634.05,0,11.197606,13350,23340.75,23150.0
2025-04-16 10:00:00,634.05,656.1,634.05,656.1,75,11.326328,11625,23367.05,23150.0
2025-04-16 10:15:00,656.1,680.0,650.0,662.0,2325,11.819735,98850,23302.8,23100.0
2025-04-16 10:30:00,662.0,662.0,645.25,648.0,4050,11.513449,99600,23300.2,23100.0
2025-04-16 10:45:00,648.0,655.95,645.0,645.0,750,11.312247,100350,23287.65,23100.0
2025-04-16 11:00:00,645.0,677.1,638.0,677.1,1875,12.095773,100275,23318.85,23100.0
2025-04-16 11:15:00,677.1,678.0,675.3,678.0,225,12.012895,100275,23323.55,23100.0
2025-04-16 11:30:00,678.0,686.35,677.5,677.5,225,12.049396,99600,23321.45,23100.0
2025-04-16 11:45:00,677.5,677.5,677.5,677.5,0,12.049396,99600,52749.05,52300.0
2025-04-16 12:00:00,677.5,677.5,614.75,646.0,150,11.799461,11775,23335.0,23150.0
2025-04-16 12:15:00,646.0,660.0,646.0,660.0,150,11.86345,11925,23352.65,23150.0
2025-04-16 12:30:00,660.0,660.0,660.0,660.0,0,11.86345,11925,23357.3,23150.0
2025-04-16 12:45:00,660.0,660.0,660.0,660.0,0,11.86345,11925,23352.65,23150.0
2025-04-16 13:00:00,660.0,660.0,649.0,649.0,150,11.828212,11850,23338.65,23150.0
2025-04-16 13:15:00,649.0,681.1,649.0,667.0,450,12.070504,99375,23297.3,23100.0
2025-04-16 13:30:00,667.0,673.5,667.0,673.5,975,12.266616,99300,23306.65,23100.0
2025-04-16 13:45:00,673.5,673.5,638.15,660.5,12000,12.398025,142875,23380.7,23200.0
2025-04-16 14:00:00,660.5,697.65,660.5,675.0,6225,12.230667,136650,23408.65,23200.0
2025-04-16 14:15:00,694.9,694.9,672.0,673.45,6450,12.103302,135450,23411.7,23200.0
2025-04-16 14:30:00,673.45,678.45,666.0,675.0,1200,12.086261,136125,23414.65,23200.0
2025-04-16 14:45:00,675.0,679.0,675.0,679.0,75,12.159425,136125,23431.6,23250.0
2025-04-16 15:00:00,679.0,679.0,670.0,670.0,75,11.661586,137550,23424.55,23200.0
2025-04-16 15:15:00,670.0,670.0,645.85,654.75,675,11.77633,8025,23446.9,23250.0
2025-04-17 09:15:00,647.05,694.5,647.05,680.0,975,12.716166,99000,23309.25,23100.0
2025-04-17 09:30:00,680.0,693.0,646.0,668.0,3525,12.494468,136350,23397.65,23200.0
2025-04-17 09:45:00,668.0,692.45,668.0,671.5,2400,12.239495,133800,23413.1,23200.0
2025-04-17 10:00:00,671.5,675.0,652.95,652.95,1575,12.49418,133875,23375.9,23200.0
2025-04-17 10:15:00,652.95,686.85,649.5,669.55,825,12.703631,135075,23391.7,23200.0
2025-04-17 10:30:00,669.55,689.9,669.55,689.5,2250,12.676228,135450,23421.95,23200.0
2025-04-17 10:45:00,689.5,699.5,680.5,680.5,975,12.379605,133275,23406.65,23200.0
2025-04-17 11:00:00,680.5,699.5,655.9,694.0,3300,12.768926,132975,23424.85,23200.0
2025-04-17 11:15:00,694.0,696.95,649.2,685.45,8925,12.700328,186825,23512.1,23300.0
2025-04-17 11:30:00,685.45,696.0,654.0,674.9,8925,12.62867,242775,23596.5,23400.0
2025-04-17 11:45:00,674.9,686.45,653.95,666.0,12975,12.206389,241950,23601.05,23400.0
2025-04-17 12:00:00,666.0,683.95,658.55,683.95,3825,12.416882,241950,23634.45,23450.0
2025-04-17 12:15:00,650.0,662.0,638.55,643.4,18300,11.867504,1483725,23679.25,23500.0
2025-04-17 12:30:00,642.0,664.65,630.05,659.55,120375,11.623642,1488600,23712.35,23500.0
2025-04-17 12:45:00,659.55,666.4,627.55,654.35,11175,11.998916,13800,23738.35,23550.0
2025-04-17 13:00:00,654.35,668.1,633.0,653.0,5025,11.908077,125775,23788.65,23600.0
2025-04-17 13:15:00,653.5,680.0,636.45,646.25,15450,11.99707,115125,23775.3,23600.0
2025-04-17 13:30:00,646.25,663.35,642.7,662.5,10875,11.560064,113625,23816.45,23600.0
2025-04-17 13:45:00,662.5,665.95,628.95,646.0,1350,11.459184,10350,23845.6,23650.0
2025-04-17 14:00:00,646.0,662.35,628.0,628.0,750,11.182403,10275,23831.15,23650.0
2025-04-17 14:15:00,662.55,667.0,615.1,625.05,12900,10.897611,10050,23838.4,23650.0
2025-04-17 14:30:00,625.05,635.05,621.6,635.05,450,10.68621,9900,23860.7,23650.0
2025-04-17 14:45:00,635.05,635.05,624.95,629.15,2025,10.432755,9900,23858.6,23650.0
2025-04-17 15:00:00,629.15,638.9,625.65,638.9,675,11.17316,9825,23847.0,23650.0
2025-04-17 15:15:00,638.9,643.05,635.75,643.05,975,11.078743,10125,23837.75,23650.0
2025-04-21 09:15:00,545.25,649.55,545.0,611.0,9750,11.666419,8325,23929.9,23750.0
2025-04-21 09:30:00,611.0,650.0,595.5,617.35,37725,11.824021,19425,24030.0,23850.0
2025-04-21 09:45:00,652.5,653.15,609.0,625.95,11700,12.248819,19275,24025.5,23850.0
2025-04-21 10:00:00,665.0,669.9,625.95,643.0,5850,12.503191,19650,24033.45,23850.0
2025-04-21 10:15:00,643.0,673.2,641.0,666.5,9150,12.599324,322725,24045.65,23850.0
2025-04-21 10:30:00,666.5,666.5,627.0,650.0,525,12.169953,18975,24064.0,23850.0
2025-04-21 10:45:00,650.0,659.05,629.15,651.5,5850,12.544553,159225,24099.9,23900.0
2025-04-21 11:00:00,651.5,654.5,639.1,654.5,7200,12.404558,154875,24110.0,23900.0
2025-04-21 11:15:00,654.5,667.45,627.3,627.3,7500,12.149439,10875,24125.1,23950.0
2025-04-21 11:30:00,658.5,658.5,631.95,641.5,13575,11.986922,149025,24108.0,23900.0
2025-04-21 11:45:00,641.5,650.0,638.5,650.0,1725,11.865068,148950,24135.2,23950.0
2025-04-21 12:00:00,650.0,650.0,608.8,629.35,375,11.75653,10575,24148.35,23950.0
2025-04-21 12:15:00,629.35,649.3,618.25,649.3,24600,12.022435,10350,24166.7,23950.0
2025-04-21 12:30:00,649.3,660.0,619.75,636.5,91500,12.446714,2453175,24179.7,24000.0
2025-04-21 12:45:00,632.7,641.85,629.5,635.0,60075,12.447575,2443725,24177.6,24000.0
2025-04-21 13:00:00,635.0,636.95,626.35,626.35,36150,12.176373,2438475,24176.15,24000.0
2025-04-21 13:15:00,626.35,667.6,626.35,644.25,300,12.098256,9750,24156.9,23950.0
2025-04-21 13:30:00,644.25,660.0,627.2,643.5,1650,11.953847,139725,24113.2,23900.0
2025-04-21 13:45:00,643.5,655.45,627.2,645.95,1500,12.005495,9675,24163.3,23950.0
2025-04-21 14:00:00,645.95,645.95,643.45,643.45,75,12.150967,9825,24154.1,23950.0
2025-04-21 14:15:00,643.45,643.45,643.45,643.45,0,12.150967,9825,24154.1,23950.0
2025-04-21 14:30:00,643.45,663.45,618.05,629.9,975,11.944889,10050,24143.0,23950.0
2025-04-21 14:45:00,629.9,632.1,629.9,632.1,75,11.930249,9825,24145.25,23950.0
2025-04-21 15:00:00,632.1,657.95,632.1,651.45,3450,12.235436,151500,24114.4,23900.0
2025-04-21 15:15:00,651.45,669.35,631.0,660.2,4650,12.38642,148275,24121.2,23900.0
2025-04-22 09:15:00,643.7,674.3,615.1,629.0,3225,12.397965,10425,24133.55,23950.0
2025-04-22 09:30:00,629.0,642.95,610.0,622.4,47850,12.189262,2370900,24180.9,24000.0
2025-04-22 09:45:00,622.4,625.0,610.1,617.5,30675,12.135569,2384775,24176.0,24000.0
2025-04-22 10:00:00,613.3,637.5,608.8,632.85,68400,12.207329,2391300,24195.7,24000.0
2025-04-22 10:15:00,634.05,647.55,625.6,627.25,67650,12.014383,2394450,24195.35,24000.0
2025-04-22 10:30:00,627.25,653.35,627.25,652.0,38700,12.200936,2394150,24223.85,24000.0
2025-04-22 10:45:00,610.6,657.0,610.6,651.9,25350,12.352131,2394675,24217.95,24000.0
2025-04-22 11:00:00,651.9,658.95,616.0,656.45,15375,12.400672,2393775,24230.0,24050.0
2025-04-22 11:15:00,660.5,661.05,621.0,632.65,46275,12.355797,2425500,24190.15,24000.0
2025-04-22 11:30:00,632.65,648.85,616.0,645.3,47250,12.33026,2444325,24209.7,24000.0
2025-04-22 11:45:00,645.3,656.4,642.2,654.65,32400,12.468947,2457300,24217.9,24000.0
2025-04-22 12:00:00,653.15,655.95,638.25,648.4,34050,12.623188,2474925,24202.85,24000.0
2025-04-22 12:15:00,648.4,648.75,633.05,644.0,39000,12.719773,2489025,24192.65,24000.0
2025-04-22 12:30:00,644.0,644.95,632.05,641.05,38550,12.698801,2494800,24189.3,24000.0
2025-04-22 12:45:00,641.05,643.6,631.05,635.95,33750,12.738184,2433600,24180.3,24000.0
2025-04-22 13:00:00,637.35,668.0,633.05,638.95,36975,12.805929,2443950,24182.1,24000.0
2025-04-22 13:15:00,638.95,646.05,638.15,640.45,41925,12.703299,2442150,24188.65,24000.0
2025-04-22 13:30:00,641.5,643.45,635.0,637.3,35325,12.739809,2464350,24182.65,24000.0
2025-04-22 13:45:00,637.3,640.3,632.85,638.35,26475,12.845601,2477550,24180.0,24000.0
2025-04-22 14:00:00,637.95,646.7,635.1,639.0,41625,12.901505,2498625,24178.8,24000.0
2025-04-22 14:15:00,639.0,639.6,632.1,638.95,31500,12.773001,2503125,24184.15,24000.0
2025-04-22 14:30:00,639.0,639.5,628.25,630.85,39750,12.685169,2509200,24175.9,24000.0
2025-04-22 14:45:00,630.85,666.9,630.85,658.0,150,12.599855,12450,24170.7,23950.0
2025-04-22 15:00:00,630.5,661.9,627.6,658.85,6150,12.877605,12600,24161.15,23950.0
2025-04-22 15:15:00,658.85,659.8,655.55,659.8,975,12.693361,12675,24169.9,23950.0
2025-04-23 09:15:00,612.55,665.6,612.1,650.0,22350,12.48819,214950,24319.1,24100.0
2025-04-23 09:30:00,650.0,664.1,615.0,643.05,18600,12.192953,208200,24320.65,24100.0
2025-04-23 09:45:00,585.0,660.55,585.0,638.95,2250,12.423381,207675,24305.9,24100.0
2025-04-23 10:00:00,638.95,675.2,622.5,643.0,31275,13.034038,2380200,24190.65,24000.0
2025-04-23 10:15:00,643.5,672.9,620.5,633.0,71775,12.88847,15075,24230.3,24050.0
2025-04-23 10:30:00,633.0,675.0,633.0,649.55,45825,13.447231,2366700,24183.75,24000.0
2025-04-23 10:45:00,642.0,683.05,641.0,646.55,12750,13.151578,15000,24143.15,23950.0
2025-04-23 11:00:00,646.55,665.0,633.05,652.0,46350,13.350124,2397750,24191.7,24000.0
2025-04-23 11:15:00,652.0,673.9,643.55,653.2,67050,13.29318,2387700,24195.95,24000.0
2025-04-23 11:30:00,653.2,669.95,596.9,638.85,23025,13.187228,16275,24239.2,24050.0
2025-04-23 11:45:00,638.85,687.95,638.85,673.0,17325,13.796784,2398500,24205.1,24000.0
2025-04-23 12:00:00,673.0,685.0,659.75,676.45,31425,13.492357,2394225,24222.65,24000.0
2025-04-23 12:15:00,676.45,676.45,661.0,661.0,37650,13.268396,2408025,24209.05,24000.0
2025-04-23 12:30:00,661.0,670.8,656.45,666.5,29550,13.178011,2418600,24220.85,24000.0
2025-04-23 12:45:00,625.0,647.05,625.0,647.05,750,12.993453,16125,24248.25,24050.0
2025-04-23 13:00:00,647.05,666.0,647.05,651.75,975,13.506574,16350,24234.4,24050.0
2025-04-23 13:15:00,651.75,651.75,649.5,651.0,300,13.222367,16200,24245.05,24050.0
2025-04-23 13:30:00,651.0,651.0,651.0,651.0,0,13.222367,16200,24245.05,24050.0
2025-04-23 13:45:00,651.0,662.35,637.15,660.0,6225,13.434379,212025,24298.5,24100.0
2025-04-23 14:00:00,660.0,667.9,652.0,657.5,8025,13.225259,210150,24303.45,24100.0
2025-04-23 14:15:00,657.5,667.45,652.0,664.7,16575,13.345672,203100,24309.35,24100.0
2025-04-23 14:30:00,664.7,664.7,650.25,659.5,14775,13.626194,208650,24290.3,24100.0
2025-04-23 14:45:00,659.85,676.55,657.9,674.0,3975,13.480616,212625,24317.9,24100.0
2025-04-23 15:00:00,674.0,674.0,632.15,632.15,3450,12.734302,25725,24334.8,24150.0
2025-04-23 15:15:00,669.0,669.0,626.5,661.75,10650,13.461878,212925,24300.85,24100.0
2025-04-24 09:15:00,646.95,657.9,643.5,657.9,750,14.148794,208875,24253.1,24050.0
2025-04-24 09:30:00,657.9,709.95,623.0,658.55,12900,14.201642,216600,26343.4,25900.0
2025-04-24 09:45:00,658.55,710.0,651.35,660.05,1275,14.183909,223725,24279.5,24100.0
2025-04-24 10:00:00,660.05,665.7,646.9,661.65,2100,13.815533,224775,24297.35,24100.0
2025-04-24 10:15:00,661.65,680.0,661.65,673.05,5100,14.117039,226500,24302.2,24100.0
2025-04-24 10:30:00,673.05,673.05,656.0,656.0,4800,14.111898,225750,24276.85,24100.0
2025-04-24 10:45:00,656.0,694.9,650.05,686.0,3150,14.197469,15675,26357.05,26000.0
2025-04-24 11:00:00,686.0,686.0,650.55,653.0,2250,13.958102,226125,24279.05,24100.0
2025-04-24 11:15:00,653.0,683.45,651.55,672.55,600,13.836942,15450,24257.5,24050.0
2025-04-24 11:30:00,672.55,672.55,672.55,672.55,0,13.836942,15450,24264.5,24050.0
2025-04-24 11:45:00,672.55,672.55,669.15,669.15,75,13.768955,15450,24263.05,24050.0
2025-04-24 12:00:00,669.15,672.2,669.15,670.95,150,13.982963,15375,24257.25,24050.0
2025-04-24 12:15:00,670.95,670.95,667.25,667.25,75,13.68103,15375,24263.95,24050.0
2025-04-24 12:30:00,667.25,667.25,663.0,663.0,450,13.850316,15300,24263.7,24050.0
2025-04-24 12:45:00,663.0,663.0,663.0,663.0,0,13.850316,15300,24265.5,24050.0
2025-04-24 13:00:00,663.0,663.0,660.85,660.85,75,13.383704,14925,24266.8,24050.0
2025-04-24 13:15:00,660.85,660.85,657.0,657.0,600,13.416285,14925,24255.85,24050.0
2025-04-24 13:30:00,657.0,657.0,657.0,657.0,0,13.416285,14925,24260.05,24050.0
2025-04-24 13:45:00,657.0,657.0,651.75,651.75,75,13.55677,15375,24246.9,24050.0
2025-04-24 14:00:00,651.75,651.75,651.75,651.75,0,13.55677,15375,24246.9,24050.0
2025-04-24 14:15:00,651.75,651.75,651.75,651.75,0,13.55677,15375,24246.9,24050.0
2025-04-24 14:30:00,651.75,651.75,651.75,651.75,0,13.55677,15375,24243.15,24050.0
2025-04-24 14:45:00,651.75,678.9,639.6,675.15,41025,13.871669,2723400,24221.25,24000.0
2025-04-24 15:00:00,639.6,639.6,637.0,637.0,75,13.11967,15000,24250.15,24050.0
2025-04-24 15:15:00,637.0,637.0,637.0,637.0,0,13.11967,15000,24245.05,24050.0
2025-04-25 09:15:00,654.45,683.75,630.05,668.35,13575,13.86352,297225,24319.35,24100.0
2025-04-25 09:30:00,668.35,690.15,627.0,669.1,33975,14.256719,2777625,24208.15,24000.0
2025-04-25 09:45:00,670.0,703.0,639.0,644.5,50775,14.115775,231975,24080.3,23900.0
2025-04-25 10:00:00,712.05,714.2,643.05,677.15,20850,14.593256,374550,24033.65,23850.0
2025-04-25 10:15:00,638.4,719.0,638.4,653.0,6900,14.629971,13275,23927.5,23750.0
2025-04-25 10:30:00,688.5,694.65,639.3,654.35,5925,14.311708,376425,23965.5,23750.0
2025-04-25 10:45:00,654.35,680.0,646.05,662.2,1650,14.696489,16125,23939.1,23750.0
2025-04-25 11:00:00,662.2,684.95,636.25,636.25,15375,13.699307,16875,23940.35,23750.0
2025-04-25 11:15:00,636.25,667.95,633.55,660.9,11400,14.298096,341925,23912.05,23700.0
2025-04-25 11:30:00,660.9,672.8,645.85,660.0,12375,14.313489,347325,23903.4,23700.0
2025-04-25 11:45:00,660.0,698.95,656.05,671.7,1200,14.317585,13500,23872.5,23650.0
2025-04-25 12:00:00,671.7,671.7,628.0,652.9,1875,14.231482,26100,23938.15,23750.0
2025-04-25 12:15:00,652.9,657.55,637.0,653.95,1200,14.444412,25575,23937.7,23750.0
2025-04-25 12:30:00,653.95,655.9,626.0,636.0,17325,13.954949,416700,23951.05,23750.0
2025-04-25 12:45:00,636.0,659.0,622.05,644.4,11775,14.292048,39675,24026.45,23850.0
2025-04-25 13:00:00,644.4,682.35,638.85,644.3,8325,14.071337,37050,24047.15,23850.0
2025-04-25 13:15:00,644.3,667.55,644.3,663.3,1275,14.528404,36225,24045.75,23850.0
2025-04-25 13:30:00,663.3,687.0,643.45,660.0,7725,14.641197,278775,24084.6,23900.0
2025-04-25 13:45:00,660.0,697.55,639.75,674.45,14250,14.817522,48000,24147.75,23950.0
2025-04-25 14:00:00,674.45,733.2,642.6,650.75,9300,14.488908,278775,24077.1,23900.0
2025-04-25 14:15:00,656.95,684.2,656.95,663.05,7875,14.500536,274950,24104.0,23900.0
2025-04-25 14:30:00,663.05,693.45,657.55,668.0,975,14.495358,26925,24054.95,23850.0
2025-04-25 14:45:00,668.0,670.25,636.85,636.85,8325,13.989323,273150,24076.95,23900.0
2025-04-25 15:00:00,682.55,682.55,628.45,663.0,3525,14.470342,28725,24052.95,23850.0
2025-04-25 15:15:00,663.0,683.8,610.05,610.05,32400,12.697168,369450,23991.65,23800.0
2025-04-28 09:15:00,636.95,673.0,618.1,661.0,7875,14.930754,263925,24117.95,23900.0
2025-04-28 09:30:00,638.35,673.0,624.0,637.7,173550,15.000553,3339975,24176.6,24000.0
2025-04-28 09:45:00,637.2,655.0,616.45,622.45,123825,14.313008,60375,24229.3,24050.0
2025-04-28 10:00:00,658.95,665.0,619.65,625.4,35475,14.476071,684450,24275.85,24100.0
2025-04-28 10:15:00,625.4,661.45,620.0,634.65,3450,14.599028,58200,24236.85,24050.0
2025-04-28 10:30:00,634.65,649.95,634.65,649.95,450,14.747698,57975,24245.35,24050.0
2025-04-28 10:45:00,649.95,666.2,618.75,632.25,12675,14.723478,724875,24276.9,24100.0
2025-04-28 11:00:00,632.25,662.75,619.3,629.3,825,14.452613,57375,24235.0,24050.0
2025-04-28 11:15:00,629.3,668.05,620.1,636.45,9825,14.275956,57150,24252.9,24050.0
2025-04-28 11:30:00,636.45,665.5,623.35,629.55,9000,14.641539,702825,24276.55,24100.0
2025-04-28 11:45:00,629.55,668.1,626.7,663.65,3375,14.792975,56475,24274.0,24050.0
2025-04-28 12:00:00,627.75,635.0,621.0,634.55,21825,14.512612,708600,24289.65,24100.0
2025-04-28 12:15:00,634.55,663.65,626.4,630.1,31800,14.272251,74775,24340.95,24150.0
2025-04-28 12:30:00,630.1,752.7,624.0,634.95,5025,14.702179,74025,24336.45,24150.0
2025-04-28 12:45:00,634.95,644.3,630.9,641.3,2775,14.513069,73125,24348.75,24150.0
2025-04-28 13:00:00,641.3,672.85,625.95,633.0,7350,14.608257,72675,24332.5,24150.0
2025-04-28 13:15:00,633.0,662.5,624.35,633.7,1200,14.807929,72225,24331.9,23900.0
2025-04-28 13:30:00,633.7,668.4,633.7,659.5,7050,14.595506,720075,24324.9,24100.0
2025-04-28 13:45:00,659.5,659.5,624.0,629.7,1575,14.533535,72000,24332.0,24150.0
2025-04-28 14:00:00,629.7,639.0,629.7,636.9,225,14.698606,71100,24350.6,24150.0
2025-04-28 14:15:00,636.9,666.7,633.3,645.4,16650,14.575867,729225,24305.05,24100.0
2025-04-28 14:30:00,645.4,673.05,639.85,658.95,10350,14.736903,50475,24270.9,24050.0
2025-04-28 14:45:00,658.95,662.8,629.65,656.5,12750,14.669004,731025,24318.45,24100.0
2025-04-28 15:00:00,656.0,661.25,620.05,657.0,4425,14.545825,727425,24324.1,24100.0
2025-04-28 15:15:00,618.0,664.05,617.3,657.2,11625,14.847434,722025,24312.9,24100.0
2025-04-29 09:15:00,620.0,738.0,593.95,642.25,54750,14.378296,1083525,24417.1,24200.0
2025-04-29 09:30:00,639.8,677.35,593.1,656.0,21900,15.016071,726075,24316.6,24100.0
2025-04-29 09:45:00,646.05,677.4,615.25,626.65,12450,14.473179,1077150,24390.25,24200.0
2025-04-29 10:00:00,659.75,663.15,615.55,638.95,5475,14.706509,59175,24351.55,24150.0
2025-04-29 10:15:00,638.95,661.85,628.8,648.4,8700,14.699728,719475,24317.8,24100.0
2025-04-29 10:30:00,648.4,655.15,615.65,647.0,4425,14.551677,712125,24321.5,24100.0
2025-04-29 10:45:00,647.0,647.0,620.25,622.1,1800,14.303778,59025,24333.8,24150.0
2025-04-29 11:00:00,622.1,638.9,622.1,636.95,225,14.528544,57525,24356.05,24150.0
2025-04-29 11:15:00,636.95,636.95,622.6,632.45,6525,14.533489,57450,24349.25,24150.0
2025-04-29 11:30:00,632.45,632.5,618.8,624.75,14025,14.261771,52050,24354.4,24150.0
2025-04-29 11:45:00,624.75,646.35,606.6,634.5,13875,14.297552,707775,24313.25,24100.0
2025-04-29 12:00:00,634.5,647.9,631.2,646.75,3225,14.696257,707100,24316.6,24100.0
2025-04-29 12:15:00,646.75,646.75,640.0,640.0,1575,14.614298,707175,24309.75,24100.0
2025-04-29 12:30:00,640.0,640.0,604.9,618.4,375,14.208342,48975,24341.35,24150.0
2025-04-29 12:45:00,618.4,618.4,618.4,618.4,0,14.208342,48975,24358.95,24150.0
2025-04-29 13:00:00,618.4,628.05,618.4,628.0,300,14.101686,48975,24356.85,24150.0
2025-04-29 13:15:00,628.0,628.0,605.8,609.5,750,14.247671,1095900,55443.9,54300.0
2025-04-29 13:30:00,609.5,638.0,609.5,633.6,600,14.429555,48825,24356.45,24150.0
2025-04-29 13:45:00,633.6,633.6,626.05,626.05,225,14.076971,48825,24358.25,24150.0
2025-04-29 14:00:00,626.05,626.05,626.05,626.05,0,14.076971,48825,24358.6,24150.0
2025-04-29 14:15:00,626.05,633.25,626.05,630.3,375,14.275384,49200,24357.85,24150.0
2025-04-29 14:30:00,630.3,630.3,630.3,630.3,0,14.275384,49200,24357.85,24150.0
2025-04-29 14:45:00,630.3,630.3,619.5,619.5,75,13.949899,49125,24340.2,24150.0
2025-04-29 15:00:00,619.5,619.5,599.0,599.0,300,13.812624,49050,24328.9,24150.0
2025-04-29 15:15:00,637.45,644.0,598.0,607.55,7575,14.240688,48525,24325.45,24150.0
2025-04-30 09:15:00,590.8,643.95,590.4,643.9,24975,14.8036,697800,24322.25,24100.0
2025-04-30 09:30:00,584.5,623.9,584.5,623.9,975,14.74884,50025,24342.7,24150.0
2025-04-30 09:45:00,623.9,642.7,596.55,628.55,32700,14.378169,49575,24364.0,24150.0
2025-04-30 10:00:00,628.55,628.55,623.7,623.7,150,14.534187,49575,24350.95,24150.0
2025-04-30 10:15:00,623.7,623.7,612.0,612.0,300,14.569743,49500,24332.0,24150.0
2025-04-30 10:30:00,641.8,642.45,611.65,629.65,11550,14.2237,696750,24321.55,24100.0
2025-04-30 10:45:00,629.65,632.1,597.0,606.55,675,14.085753,49350,24342.6,24150.0
2025-04-30 11:00:00,606.55,606.55,606.55,606.55,0,14.085753,49350,24342.6,24150.0
2025-04-30 11:15:00,606.55,608.35,606.55,608.35,225,14.322753,49275,24336.5,24150.0
2025-04-30 11:30:00,608.35,608.35,599.75,601.2,825,14.24581,49200,24328.8,24150.0
2025-04-30 11:45:00,601.2,639.0,601.2,617.35,825,14.502615,48975,24343.7,24150.0
2025-04-30 12:00:00,617.35,619.9,616.5,616.5,225,14.446636,48900,24344.75,24150.0
2025-04-30 12:15:00,616.5,621.0,616.5,618.0,525,14.180375,48750,24357.2,24150.0
2025-04-30 12:30:00,618.0,625.1,618.0,622.3,300,14.390599,48750,24356.5,24150.0
2025-04-30 12:45:00,622.3,622.3,622.3,622.3,0,14.390599,48750,24355.95,24150.0
2025-04-30 13:00:00,622.3,622.3,614.3,614.3,75,14.662651,48675,24334.5,24150.0
2025-04-30 13:15:00,614.3,615.7,614.3,615.7,75,14.781304,48675,24331.4,24150.0
2025-04-30 13:30:00,615.7,617.4,615.7,617.4,75,14.708617,48600,24336.9,24150.0
2025-04-30 13:45:00,617.4,618.65,617.0,618.65,150,14.500796,48525,24347.1,24150.0
2025-04-30 14:00:00,618.65,618.65,616.75,616.75,75,14.614999,48600,24340.65,24150.0
2025-04-30 14:15:00,616.75,617.05,616.75,617.05,75,14.626603,48525,24336.15,24150.0
2025-04-30 14:30:00,617.05,618.6,617.05,618.6,75,14.691911,48525,24340.15,24150.0
2025-04-30 14:45:00,618.6,618.6,596.9,603.25,2400,14.399013,1110075,24368.55,24150.0
2025-04-30 15:00:00,601.95,642.1,601.95,636.0,13950,15.150691,48525,24349.4,24150.0
2025-04-30 15:15:00,636.0,678.7,607.35,646.55,8550,15.809042,33900,24243.45,24050.0
2025-05-02 09:15:00,589.15,643.25,589.15,611.05,42150,15.107491,1115325,24487.6,24300.0
2025-05-02 09:30:00,612.0,660.8,593.7,611.15,123975,15.277906,89925,24529.85,24350.0
2025-05-02 09:45:00,611.15,657.35,611.15,647.0,9300,15.619321,88800,24572.0,24350.0
2025-05-02 10:00:00,613.95,660.0,610.65,614.5,36825,15.326363,785775,24581.95,24400.0
2025-05-02 10:15:00,649.15,651.45,603.0,636.35,17925,15.271615,1095675,24520.7,24300.0
2025-05-02 10:30:00,636.0,638.3,595.8,623.5,99525,15.252953,1068075,24502.05,24300.0
2025-05-02 10:45:00,623.5,649.85,599.8,606.65,27600,15.145359,61425,24432.0,24250.0
2025-05-02 11:00:00,606.65,638.0,594.8,635.0,13650,15.253451,1044300,24422.9,24200.0
2025-05-02 11:15:00,635.0,644.55,600.9,608.45,45225,15.128852,1022775,24387.3,24200.0
2025-05-02 11:30:00,608.45,641.95,599.4,602.4,6975,15.043471,43200,24336.1,24150.0
2025-05-02 11:45:00,602.4,625.0,602.4,618.0,2175,15.104302,42975,24354.7,24150.0
2025-05-02 12:00:00,618.0,638.05,615.65,630.6,16650,15.389275,633825,24315.0,24100.0
2025-05-02 12:15:00,630.6,631.5,598.55,625.55,15300,15.622381,32475,24242.75,24050.0
2025-05-02 12:30:00,625.55,625.55,584.45,593.8,2475,14.742209,630600,24283.3,24100.0
2025-05-02 12:45:00,593.8,615.35,591.0,591.0,9600,14.641541,629550,24282.95,24100.0
2025-05-02 13:00:00,591.0,618.95,584.9,597.1,3900,14.51744,628200,24297.0,24100.0
2025-05-02 13:15:00,597.1,623.7,572.75,618.75,5100,14.777086,47250,24368.85,24150.0
2025-05-02 13:30:00,586.95,622.25,586.95,601.0,28950,14.732509,1041075,24392.35,24200.0
2025-05-02 13:45:00,601.0,610.05,585.0,586.95,42900,14.525492,1043625,24378.8,24200.0
2025-05-02 14:00:00,586.95,595.5,570.6,586.0,40275,14.450647,1039350,24373.55,24150.0
2025-05-02 14:15:00,580.05,615.0,580.05,601.0,2775,14.448424,639600,24306.25,24100.0
2025-05-02 14:30:00,601.0,616.45,564.05,573.55,18000,14.087602,49725,24326.65,24150.0
2025-05-02 14:45:00,609.45,620.95,571.05,620.95,4500,14.756055,48900,24373.95,24150.0
2025-05-02 15:00:00,585.6,611.4,576.25,590.25,1800,14.028378,48825,24354.35,24150.0
2025-05-02 15:15:00,635.7,635.7,571.25,601.25,6300,14.272115,635775,24313.65,24100.0
2025-05-05 09:15:00,580.0,608.5,553.45,575.0,10725,14.948514,83100,24443.15,24250.0
2025-05-05 09:30:00,575.0,610.95,569.05,579.0,5250,14.890032,81300,24449.15,24250.0
2025-05-05 09:45:00,579.0,606.0,556.55,597.1,48300,15.520136,981600,24503.65,24300.0
2025-05-05 10:00:00,597.1,626.0,572.05,583.8,46800,15.637155,995850,24479.1,24300.0
2025-05-05 10:15:00,583.8,597.45,574.25,582.0,20100,15.553447,995475,24479.55,24300.0
2025-05-05 10:30:00,582.0,619.55,582.0,614.55,46875,15.75047,991650,24522.65,24300.0
2025-05-05 10:45:00,614.55,622.6,577.8,606.0,20325,15.47148,71475,24471.1,24250.0
2025-05-05 11:00:00,576.55,606.0,569.5,576.95,13500,15.169655,990075,24486.2,24300.0
2025-05-05 11:15:00,576.95,611.85,569.8,605.7,19200,15.632998,70275,24465.35,24250.0
2025-05-05 11:30:00,605.7,605.7,571.0,589.85,3450,15.36374,70500,24450.8,24250.0
2025-05-05 11:45:00,589.85,613.2,569.1,578.6,1725,15.371897,70575,24445.4,24250.0
2025-05-05 12:00:00,578.6,580.5,578.6,580.5,450,15.17291,70575,24448.7,24250.0
2025-05-05 12:15:00,580.5,580.5,571.15,571.15,525,14.759871,70575,24444.2,24250.0
2025-05-05 12:30:00,571.15,571.15,571.15,571.15,0,14.759871,70575,24456.1,24250.0
2025-05-05 12:45:00,571.15,591.4,571.15,587.9,225,14.702326,70575,24471.85,24250.0
2025-05-05 13:00:00,587.9,591.8,554.3,579.65,1050,14.807476,69750,24451.05,24250.0
2025-05-05 13:15:00,579.65,579.65,579.65,579.65,0,14.807476,69750,24454.7,24250.0
2025-05-05 13:30:00,579.65,589.8,555.15,560.05,2100,14.80493,989625,24473.65,24250.0
2025-05-05 13:45:00,560.45,572.4,554.8,564.6,14250,14.796379,990075,24482.6,24300.0
2025-05-05 14:00:00,564.6,571.2,558.0,560.0,11100,14.664872,990600,24480.4,24300.0
2025-05-05 14:15:00,560.0,560.0,560.0,560.0,0,14.664872,990600,12236.5,12125.0
2025-05-05 14:30:00,549.8,570.45,549.8,557.1,23775,14.675194,990600,24475.95,24300.0
2025-05-05 14:45:00,557.1,567.65,554.4,564.9,16800,14.985622,988875,24477.0,24300.0
2025-05-05 15:00:00,564.9,599.35,564.9,581.05,450,14.98616,68325,24448.3,24250.0
2025-05-05 15:15:00,581.05,597.8,581.05,597.0,2850,15.507174,67800,24459.5,24250.0
2025-05-06 09:15:00,585.05,588.6,556.05,561.85,5550,15.110476,66900,24433.0,24250.0
2025-05-06 09:30:00,561.85,581.0,557.3,581.0,1800,14.873368,66900,24458.1,24250.0
2025-05-06 09:45:00,581.0,596.3,564.85,568.8,11550,15.219249,1013025,24391.65,24200.0
2025-05-06 10:00:00,568.8,577.7,560.0,563.25,9975,15.036391,1012125,24389.7,24200.0
2025-05-06 10:15:00,563.25,563.25,552.05,560.7,8925,15.157947,1010025,24385.8,24200.0
2025-05-06 10:30:00,560.7,568.85,554.0,567.95,13350,15.042258,1007175,24397.05,24200.0
2025-05-06 10:45:00,567.95,572.35,561.2,571.95,9075,15.050223,1005450,24403.05,24200.0
2025-05-06 11:00:00,571.95,571.95,558.5,558.5,2175,14.89867,1005225,24387.95,24200.0
2025-05-06 11:15:00,558.5,558.5,551.95,553.0,3975,14.895993,1004325,24379.7,24200.0
2025-05-06 11:30:00,553.0,553.0,553.0,553.0,0,14.895993,1004325,12068.0,11975.0
2025-05-06 11:45:00,553.0,554.8,546.2,552.55,7575,14.924894,1025025,24378.45,24200.0
2025-05-06 12:00:00,552.55,555.45,548.05,555.45,14325,14.66195,1020450,24392.2,24200.0
2025-05-06 12:15:00,555.45,561.15,555.3,557.6,9000,14.726074,1022850,24393.45,24200.0
2025-05-06 12:30:00,557.6,560.35,553.55,558.55,11475,15.007362,1030875,24385.35,24200.0
2025-05-06 12:45:00,558.55,558.55,551.0,551.7,9450,14.911486,1031475,24378.35,24200.0
2025-05-06 13:00:00,551.7,556.45,549.05,551.35,12750,14.816542,1044075,24381.3,24200.0
2025-05-06 13:15:00,551.35,553.15,548.7,551.3,13800,14.591631,1055250,24389.2,24200.0
2025-05-06 13:30:00,551.3,555.45,550.0,550.2,6075,14.47803,1058550,24391.6,24200.0
2025-05-06 13:45:00,550.2,563.3,550.2,562.85,19200,14.637669,1068675,24405.5,24200.0
2025-05-06 14:00:00,562.85,566.4,556.75,559.25,12300,14.963665,1077300,24389.05,24200.0
2025-05-06 14:15:00,559.25,560.9,551.5,554.95,2475,15.169688,1078050,24375.4,24200.0
2025-05-06 14:30:00,554.95,559.75,554.6,557.95,9825,15.179325,1083975,24379.9,24200.0
2025-05-06 14:45:00,557.95,589.5,554.0,583.3,2700,15.115267,48375,24372.25,24150.0
2025-05-06 15:00:00,583.3,583.3,545.05,548.5,11175,14.54931,1087650,24387.65,24200.0
2025-05-06 15:15:00,579.85,579.85,565.45,565.7,6900,15.40595,45975,24335.9,24150.0
2025-05-07 09:15:00,588.45,596.9,545.3,554.75,24150,15.483091,68775,24427.2,24250.0
2025-05-07 09:30:00,554.75,612.0,554.75,589.65,17850,16.347923,1090575,24402.85,24200.0
2025-05-07 09:45:00,589.65,628.35,575.0,593.5,750,15.949815,45150,24359.15,24150.0
2025-05-07 10:00:00,593.5,609.55,583.8,593.0,3450,16.55854,625050,24304.1,24100.0
2025-05-07 10:15:00,593.0,595.55,549.05,559.0,4650,15.717537,44400,24329.25,24150.0
2025-05-07 10:30:00,559.0,573.8,559.0,573.8,525,15.457502,44325,24355.9,24150.0
2025-05-07 10:45:00,573.8,573.8,542.9,546.1,675,14.959291,44175,24335.8,24150.0
2025-05-07 11:00:00,546.1,563.0,546.1,562.05,600,14.582693,44250,24372.6,24150.0
2025-05-07 11:15:00,526.85,565.45,526.85,562.5,20775,15.05972,1084575,24406.45,24200.0
2025-05-07 11:30:00,562.5,576.95,529.95,565.0,8550,15.079506,1083900,24408.95,24200.0
2025-05-07 11:45:00,560.0,560.0,540.95,543.6,3675,14.936485,1083300,12193.15,12100.0
2025-05-07 12:00:00,543.6,577.75,526.5,531.6,2400,14.537236,1084050,24377.5,24200.0
2025-05-07 12:15:00,531.6,543.85,530.0,543.2,2700,14.776103,1083225,24387.35,24200.0
2025-05-07 12:30:00,543.2,550.6,540.0,548.8,6525,15.004836,1082025,24388.35,24200.0
2025-05-07 12:45:00,548.8,561.15,547.0,547.0,4125,15.087648,1081200,24382.95,24200.0
2025-05-07 13:00:00,547.0,547.0,544.8,544.8,375,15.120319,1081200,24362.05,24150.0
2025-05-07 13:15:00,544.8,585.0,544.8,572.65,75,15.520698,43500,24359.25,24150.0
2025-05-07 13:30:00,572.65,572.65,562.95,562.95,225,15.482208,43575,24345.85,24150.0
2025-05-07 13:45:00,562.95,570.25,561.75,570.25,675,15.241644,43650,24365.3,24150.0
2025-05-07 14:00:00,570.25,574.25,541.0,561.85,12150,15.077918,1080975,24406.9,24200.0
2025-05-07 14:15:00,561.85,565.0,540.0,551.65,5475,15.040925,1079550,24392.8,24200.0
2025-05-07 14:30:00,551.65,566.95,549.45,556.35,14550,14.601485,1084875,24414.7,24200.0
2025-05-07 14:45:00,556.35,558.05,546.0,548.6,13275,14.838015,1081050,24395.35,24200.0
2025-05-07 15:00:00,548.6,560.3,542.0,544.35,149550,14.295936,1188825,24407.05,24200.0
2025-05-07 15:15:00,544.0,561.6,544.0,561.6,107400,15.022278,1220250,24409.3,24200.0
2025-05-08 09:15:00,570.5,570.5,535.0,538.2,38625,14.867757,1223175,24392.3,24200.0
2025-05-08 09:30:00,538.2,542.8,525.0,530.15,52950,14.525562,1230300,24391.5,24200.0
2025-05-08 09:45:00,530.15,533.2,522.45,522.85,20250,14.533407,1225725,24380.3,24200.0
2025-05-08 10:00:00,522.85,535.65,522.25,530.9,12000,14.570013,1225500,24391.55,24200.0
2025-05-08 10:15:00,530.6,541.55,525.25,540.3,24900,14.611368,1224525,24404.45,24200.0
2025-05-08 10:30:00,540.3,542.15,535.95,537.7,29100,14.671938,1220175,24398.9,24200.0
2025-05-08 10:45:00,537.7,539.95,531.25,535.15,17175,14.584476,1200750,24397.25,24200.0
2025-05-08 11:00:00,535.15,535.45,531.35,535.3,825,14.435094,1202100,24398.05,24200.0
2025-05-08 11:15:00,535.3,545.35,533.15,543.95,9075,14.565725,1200975,24412.3,24200.0
2025-05-08 11:30:00,543.95,545.0,540.45,543.8,7275,14.681093,1198500,24408.55,24200.0
2025-05-08 11:45:00,543.8,544.1,539.7,543.35,2925,14.889242,1198425,24401.3,24200.0
2025-05-08 12:00:00,543.4,545.9,541.85,545.35,4575,14.988573,1197675,24403.4,24200.0
2025-05-08 12:15:00,545.35,548.3,541.15,543.9,3450,14.894083,1198050,24402.35,24200.0
2025-05-08 12:30:00,543.9,544.95,543.0,543.4,3300,14.945091,1197975,24397.15,24200.0
2025-05-08 12:45:00,543.4,543.4,542.0,543.0,2025,14.932645,1196700,24400.1,24200.0
2025-05-08 13:00:00,543.0,543.0,532.0,534.7,15825,15.044593,1192725,24385.95,24200.0
2025-05-08 13:15:00,534.7,534.7,522.95,525.5,9975,14.8282,1192350,26167.3,25800.0
2025-05-08 13:30:00,525.5,561.15,525.5,549.05,3750,15.651585,45000,24337.45,24150.0
2025-05-08 13:45:00,549.05,556.0,548.1,549.1,1650,15.868669,45300,24330.4,24150.0
2025-05-08 14:00:00,549.1,578.0,549.1,569.7,1800,15.7132,634350,24316.95,24100.0
2025-05-08 14:15:00,569.7,569.7,531.4,550.1,750,15.347542,45375,24349.75,24150.0
2025-05-08 14:30:00,550.1,551.0,545.9,547.25,1650,15.567817,44400,24338.2,24150.0
2025-05-08 14:45:00,547.25,588.5,532.7,556.65,37275,15.363844,33675,24262.2,24050.0
2025-05-08 15:00:00,556.65,563.4,526.5,558.65,28650,15.516553,630975,24309.15,24100.0
2025-05-08 15:15:00,558.65,596.45,545.2,589.3,116700,17.225633,18000,24154.1,23950.0
2025-05-09 09:15:00,517.25,645.95,507.55,583.5,55950,18.150896,230175,24080.8,23900.0
2025-05-09 09:30:00,583.5,621.95,568.15,588.5,25050,18.10551,228600,24090.5,23900.0
2025-05-09 09:45:00,593.6,627.0,583.0,603.75,19950,18.263726,342600,24012.5,23800.0
2025-05-09 10:00:00,603.75,610.0,549.1,584.4,32925,17.365059,17850,24060.65,23850.0
2025-05-09 10:15:00,584.4,619.0,566.35,608.05,5250,18.758765,17550,24046.7,23850.0
2025-05-09 10:30:00,608.05,627.25,608.05,609.15,3900,18.435927,373050,24009.25,23800.0
2025-05-09 10:45:00,609.15,609.15,574.05,582.85,10425,18.060131,376200,23987.3,23800.0
2025-05-09 11:00:00,582.85,598.45,581.5,598.45,13125,18.035655,379125,24012.85,23800.0
2025-05-09 11:15:00,598.45,604.5,562.15,585.3,16125,17.900812,255975,24093.9,23900.0
2025-05-09 11:30:00,587.95,614.95,571.45,603.05,19800,18.182318,18300,24057.55,23850.0
2025-05-09 11:45:00,603.05,609.75,565.0,582.0,63150,17.660979,66825,24055.3,23850.0
2025-05-09 12:00:00,582.0,584.0,567.05,579.0,5550,17.49444,71475,24049.7,23850.0
2025-05-09 12:15:00,579.0,603.0,561.2,569.6,2175,17.45734,71550,24036.4,23850.0
2025-05-09 12:30:00,569.6,597.2,562.4,590.05,8625,17.859469,391050,24006.85,23800.0
2025-05-09 12:45:00,590.05,597.65,559.1,594.0,2325,17.675346,390075,24033.35,23850.0
2025-05-09 13:00:00,594.0,594.0,578.95,582.4,6975,17.435783,387825,24009.25,23800.0
2025-05-09 13:15:00,582.4,593.0,564.8,570.45,18975,17.655628,387225,23983.45,23800.0
2025-05-09 13:30:00,570.45,579.75,560.0,568.7,10575,17.663987,390150,23980.65,23800.0
2025-05-09 13:45:00,568.7,585.95,562.55,569.5,15075,17.705289,395775,23980.75,23800.0
2025-05-09 14:00:00,564.0,586.5,564.0,581.6,9750,17.552433,399900,24005.05,23800.0
2025-05-09 14:15:00,581.6,604.05,562.55,592.0,9675,17.579125,20550,23971.95,23750.0
2025-05-09 14:30:00,563.35,576.5,563.35,569.05,10575,17.507663,408075,23987.3,23800.0
2025-05-09 14:45:00,569.05,602.4,569.05,590.5,9975,17.637596,409200,24016.75,23800.0
2025-05-09 15:00:00,590.5,591.55,571.1,580.85,20475,17.680119,410475,24000.55,23800.0
2025-05-09 15:15:00,580.85,593.0,557.2,571.25,19275,17.546057,76125,24038.65,23850.0
2025-05-12 09:15:00,436.95,509.0,360.0,469.0,363375,13.571211,1125825,24595.2,24400.0
2025-05-12 09:30:00,468.5,505.0,459.3,488.15,294525,14.680927,1084350,24591.7,24400.0
2025-05-12 09:45:00,487.2,536.55,457.15,524.0,272100,15.314493,4376550,24725.0,24500.0
2025-05-12 10:00:00,525.0,528.7,478.5,487.5,471975,14.886694,4302000,24682.65,24500.0
2025-05-12 10:15:00,490.85,529.05,490.85,502.65,299550,15.188197,4283175,24696.9,24500.0
2025-05-12 10:30:00,504.9,515.0,486.45,501.95,98175,15.064436,4273050,24699.75,24500.0
2025-05-12 10:45:00,503.0,530.4,481.85,490.3,127575,15.193904,4265850,24678.2,24500.0
2025-05-12 11:00:00,490.3,520.0,486.25,510.85,99450,15.426679,4238700,24702.85,24500.0
2025-05-12 11:15:00,510.85,531.8,495.6,502.25,100200,15.603255,145350,24733.3,24550.0
2025-05-12 11:30:00,502.25,539.05,497.5,503.25,27975,15.824817,144525,24728.2,24550.0
2025-05-12 11:45:00,503.25,533.85,488.35,519.65,44775,15.425251,4187325,24716.85,24500.0
2025-05-12 12:00:00,519.65,525.6,511.0,520.55,78150,15.326907,4180350,24721.3,24500.0
2025-05-12 12:15:00,522.05,526.6,502.85,508.7,57525,15.365586,4172025,24702.45,24500.0
2025-05-12 12:30:00,470.85,540.0,470.85,518.7,135825,16.205969,1362150,24790.0,24600.0
2025-05-12 12:45:00,518.7,531.0,504.0,530.25,55050,16.438997,1356750,24800.9,24600.0
2025-05-12 13:00:00,529.15,535.25,506.5,508.05,51375,15.713927,1313700,24789.15,24600.0
2025-05-12 13:15:00,508.05,551.5,508.05,546.0,172875,16.571203,1291125,24821.5,24600.0
2025-05-12 13:30:00,545.75,550.0,507.75,518.75,14475,16.069207,119325,24843.95,24650.0
2025-05-12 13:45:00,518.75,518.75,503.25,504.95,1200,15.624219,120000,24843.95,24650.0
2025-05-12 14:00:00,504.95,545.9,504.95,545.9,975,16.721429,120000,24866.2,24650.0
2025-05-12 14:15:00,509.65,542.75,509.65,537.55,81525,16.858871,996375,24898.0,24700.0
2025-05-12 14:30:00,537.55,576.45,512.0,545.2,41025,16.826782,114525,24862.35,24650.0
2025-05-12 14:45:00,545.2,567.7,517.0,560.0,93375,17.233652,1018200,24921.6,24700.0
2025-05-12 15:00:00,562.05,568.1,528.5,538.3,97950,16.613541,1044525,24907.45,24700.0
2025-05-12 15:15:00,534.45,560.45,518.8,560.45,36825,17.315165,1034250,24920.25,24700.0
2025-05-13 09:15:00,509.95,563.95,470.2,516.65,230250,15.790893,105225,24768.6,24550.0
2025-05-13 09:30:00,516.65,570.0,477.7,514.5,235575,16.430097,103125,24746.7,24550.0
2025-05-13 09:45:00,514.5,547.0,490.95,516.6,100650,16.08392,3715350,24711.6,24500.0
2025-05-13 10:00:00,482.2,533.85,470.5,533.85,79125,16.918478,103875,24771.95,24550.0
2025-05-13 10:15:00,533.85,542.0,490.55,524.5,43725,16.587045,93825,24660.55,24450.0
2025-05-13 10:30:00,524.5,530.05,482.2,512.5,120300,16.276822,3696900,24700.3,24500.0
2025-05-13 10:45:00,513.55,537.85,476.65,510.0,68475,15.816972,103350,24759.05,24550.0
2025-05-13 11:00:00,510.0,524.5,468.05,512.05,135675,15.432182,3631350,24724.55,24500.0
2025-05-13 11:15:00,481.05,513.0,465.9,490.15,21375,15.136213,862425,24798.0,24600.0
2025-05-13 11:30:00,490.15,512.3,463.35,491.0,32400,15.475052,100725,24740.7,24550.0
2025-05-13 11:45:00,491.0,526.2,478.3,515.75,37725,15.655299,3620400,24724.4,24500.0
2025-05-13 12:00:00,511.75,521.9,479.9,512.0,45600,16.00821,100200,24757.6,24550.0
2025-05-13 12:15:00,509.1,525.95,484.05,511.45,46125,15.853367,3621900,24712.65,24500.0
2025-05-13 12:30:00,511.45,540.0,484.8,508.7,33675,16.332647,91500,24645.0,24450.0
2025-05-13 12:45:00,508.7,542.95,490.0,512.0,10125,16.226711,907950,24605.4,24400.0
2025-05-13 13:00:00,510.0,532.0,486.2,532.0,8475,16.730547,914400,24633.15,24450.0
2025-05-13 13:15:00,532.0,536.05,504.45,504.45,12975,16.29191,913950,24592.3,24400.0
2025-05-13 13:30:00,504.45,517.5,502.0,515.85,15000,16.15069,919575,24614.15,24400.0
2025-05-13 13:45:00,515.85,519.0,499.0,499.75,6450,16.272229,919125,24586.05,24400.0
2025-05-13 14:00:00,499.75,514.45,492.35,493.55,8175,15.770487,919500,24591.55,24400.0
2025-05-13 14:15:00,493.55,514.25,479.8,500.5,18300,16.299575,918600,24586.85,24400.0
2025-05-13 14:30:00,500.5,514.25,494.75,504.0,18600,15.979757,918600,24601.9,24400.0
2025-05-13 14:45:00,504.0,524.1,495.0,499.8,11850,15.31572,919425,24614.8,24400.0
2025-05-13 15:00:00,499.8,510.0,470.05,488.05,20025,14.924892,80775,24559.45,24350.0
2025-05-13 15:15:00,488.05,516.0,471.1,478.0,26700,14.965037,922050,24592.25,24400.0
2025-05-14 09:15:00,450.0,519.95,441.05,485.0,416850,14.875553,3649875,24718.1,24500.0
2025-05-14 09:30:00,485.2,488.45,439.65,457.9,261750,14.29012,103575,24742.8,24550.0
2025-05-14 09:45:00,457.9,490.0,444.0,451.7,81375,14.511357,101775,24727.4,24550.0
2025-05-14 10:00:00,482.5,489.65,446.0,467.1,10950,14.246691,100275,24758.15,24550.0
2025-05-14 10:15:00,467.1,477.45,457.3,459.75,5025,14.345917,98925,24744.65,24550.0
2025-05-14 10:30:00,459.75,486.6,446.0,456.0,59625,14.538893,98550,24733.8,24550.0
2025-05-14 10:45:00,456.0,483.05,447.55,451.2,72375,14.294717,3642750,24684.6,24500.0
2025-05-14 11:00:00,448.2,470.0,448.2,460.8,90150,14.232442,3639900,24700.95,24500.0
2025-05-14 11:15:00,460.8,475.0,457.0,469.2,47475,14.068455,3624225,24718.0,24500.0
2025-05-14 11:30:00,469.2,473.5,441.25,444.65,44325,13.900592,3624450,24686.25,24500.0
2025-05-14 11:45:00,444.65,474.6,435.7,462.85,9075,14.721286,94050,24662.15,24450.0
2025-05-14 12:00:00,462.85,474.2,443.75,446.0,11550,14.317493,3643875,24677.1,24500.0
2025-05-14 12:15:00,446.0,477.15,440.75,471.65,14175,14.486048,94125,24662.25,24450.0
2025-05-14 12:30:00,471.65,482.6,434.05,445.45,2625,14.155093,93750,24632.2,24450.0
2025-05-14 12:45:00,445.45,499.55,436.8,444.45,8475,14.163155,922500,24581.7,24400.0
2025-05-14 13:00:00,442.95,473.6,419.0,452.0,14100,14.389217,96300,24636.05,24450.0
2025-05-14 13:15:00,452.0,485.95,425.05,464.05,5175,14.145634,96300,24660.85,24450.0
2025-05-14 13:30:00,464.05,464.05,444.9,445.5,1725,13.957808,97275,24628.5,24450.0
2025-05-14 13:45:00,445.5,475.5,431.0,463.7,6525,13.762039,913425,24621.8,24400.0
2025-05-14 14:00:00,462.7,465.0,450.0,465.0,10200,14.102865,910950,24615.0,24400.0
2025-05-14 14:15:00,465.0,474.85,427.5,462.45,3675,14.111783,912450,24611.2,24400.0
2025-05-14 14:30:00,462.45,465.0,425.3,452.0,19275,14.584255,98025,24625.55,24450.0
2025-05-14 14:45:00,480.0,480.7,442.0,450.25,2775,14.399389,98250,24633.25,24450.0
2025-05-14 15:00:00,450.25,463.5,444.7,458.75,1275,13.620492,97650,24669.55,24450.0
2025-05-14 15:15:00,458.75,464.05,427.8,438.95,182925,13.715546,3759375,24685.75,24500.0
2025-05-15 09:15:00,489.75,496.8,465.0,472.25,75750,15.229792,949275,24611.85,24400.0
2025-05-15 09:30:00,474.5,507.05,449.95,470.85,39975,15.754371,81525,24546.9,24350.0
2025-05-15 09:45:00,513.5,513.5,462.85,473.5,13350,15.855459,83400,24548.4,24350.0
2025-05-15 10:00:00,473.5,495.45,457.0,483.95,7500,15.7609,83325,24561.7,24350.0
2025-05-15 10:15:00,481.0,493.3,453.75,485.95,10650,15.687435,83025,24572.15,24350.0
2025-05-15 10:30:00,446.45,499.9,398.1,463.0,69300,15.230334,99225,24745.9,24550.0
2025-05-15 10:45:00,463.0,499.2,429.0,453.0,165150,15.21259,1267725,24780.3,24600.0
2025-05-15 11:00:00,489.9,510.7,445.0,492.0,87225,16.200386,972525,24617.25,24400.0
2025-05-15 11:15:00,457.45,493.75,448.5,471.55,12750,15.566313,88800,24643.8,24450.0
2025-05-15 11:30:00,471.55,500.0,445.05,483.75,8400,15.781135,973950,24635.85,24450.0
2025-05-15 11:45:00,483.75,495.4,457.15,464.15,1650,15.603973,88200,24628.9,24450.0
2025-05-15 12:00:00,494.25,494.25,451.75,480.05,48975,15.752172,86550,24661.05,24450.0
2025-05-15 12:15:00,448.15,497.75,448.15,457.95,102375,15.460624,86700,24635.55,24450.0
2025-05-15 12:30:00,457.95,492.0,439.4,477.0,46800,15.397771,86925,24643.55,24450.0
2025-05-15 12:45:00,477.0,477.35,438.85,453.75,39225,15.262541,3726300,24683.95,24500.0
2025-05-15 13:00:00,421.8,495.8,414.75,434.05,216600,13.934343,1988625,24886.3,24700.0
2025-05-15 13:15:00,434.3,488.95,412.15,450.5,243675,14.217002,1933725,24903.6,24700.0
2025-05-15 13:30:00,416.45,457.45,407.7,431.85,261525,13.758048,1824150,24986.25,24800.0
2025-05-15 13:45:00,397.0,460.0,397.0,429.3,84150,13.909494,1348950,25076.65,24900.0
2025-05-15 14:00:00,466.0,468.85,417.75,432.75,138225,13.576169,1277775,25091.0,24900.0
2025-05-15 14:15:00,435.9,447.7,423.6,435.3,179100,13.173296,1214475,25105.45,24900.0
2025-05-15 14:30:00,435.3,465.1,407.4,423.1,28125,13.18246,1182225,25087.45,24900.0
2025-05-15 14:45:00,423.1,455.0,417.8,436.05,10125,13.083799,138825,25064.4,24850.0
2025-05-15 15:00:00,436.05,441.0,397.65,418.0,55425,12.191982,133875,25056.4,24850.0
2025-05-15 15:15:00,417.05,424.95,411.5,420.0,19650,13.145433,125025,25035.3,24850.0
2025-05-16 09:15:00,476.4,486.0,401.55,429.5,170850,14.319349,126900,25033.6,24850.0
2025-05-16 09:30:00,429.5,471.0,419.1,441.45,112575,13.744964,1431675,25017.1,24800.0
2025-05-16 09:45:00,441.45,456.55,408.85,421.15,120225,13.557665,1442850,24992.15,24800.0
2025-05-16 10:00:00,421.1,455.0,421.0,430.75,145725,13.611986,1423725,25005.15,24800.0
2025-05-16 10:15:00,430.75,462.8,409.45,434.05,85350,13.722187,1415250,25007.45,24800.0
2025-05-16 10:30:00,434.05,437.8,417.15,422.75,66675,13.499504,1383000,24996.6,24800.0
2025-05-16 10:45:00,422.75,434.0,419.0,434.0,23475,13.996068,1380375,25000.9,24800.0
2025-05-16 11:00:00,434.0,455.15,412.25,416.85,13350,13.995013,1390050,24975.45,24800.0
2025-05-16 11:15:00,446.0,451.55,410.0,434.4,20775,13.630744,160200,24961.9,24750.0
2025-05-16 11:30:00,434.4,443.0,411.7,419.65,99150,13.949329,1410075,24981.3,24800.0
2025-05-16 11:45:00,419.65,426.8,410.3,414.85,26400,13.732963,1403475,24973.55,24750.0
2025-05-16 12:00:00,408.0,424.0,406.9,408.8,32850,13.539471,1390200,24976.05,24800.0
2025-05-16 12:15:00,408.8,415.2,405.05,415.2,45975,13.432487,1388475,24988.55,24800.0
2025-05-16 12:30:00,415.95,435.25,412.1,435.25,102075,14.101676,1402425,25001.55,24800.0
2025-05-16 12:45:00,435.2,448.9,422.0,426.0,58425,14.06334,1391925,24988.95,24800.0
2025-05-16 13:00:00,426.0,437.0,417.15,437.0,57675,14.012828,1386000,25006.8,24800.0
2025-05-16 13:15:00,437.0,447.35,412.35,412.55,61200,13.620286,130425,25029.75,24850.0
2025-05-16 13:30:00,449.35,455.0,412.25,426.0,59700,13.60289,1372650,25001.25,24800.0
2025-05-16 13:45:00,429.15,439.65,423.65,434.0,27525,13.560813,1365900,25014.2,24800.0
2025-05-16 14:00:00,434.9,444.95,409.35,439.0,17625,13.631402,1359675,25019.95,24800.0
2025-05-16 14:15:00,439.0,442.45,431.0,434.5,55275,14.054819,1370775,25003.1,24800.0
2025-05-16 14:30:00,434.5,442.8,424.2,439.0,39600,13.85296,1370175,25014.95,24800.0
2025-05-16 14:45:00,439.0,442.0,425.6,436.0,40950,13.806904,1370175,25011.9,24800.0
2025-05-16 15:00:00,436.0,445.35,400.5,444.5,29700,13.818784,1349475,25024.2,24800.0
2025-05-16 15:15:00,443.4,448.15,437.9,442.0,85575,14.131171,1331250,25013.1,24800.0
2025-05-19 09:15:00,419.0,449.95,397.05,432.0,73050,16.012113,1316325,25014.45,24800.0
2025-05-19 09:30:00,395.95,444.55,395.95,424.0,38100,15.725676,1316175,25009.25,24800.0
2025-05-19 09:45:00,424.0,435.0,411.35,419.15,20400,15.244273,1316625,25013.1,24800.0
2025-05-19 10:00:00,419.15,425.6,391.55,409.05,9225,15.532709,129525,25040.85,24850.0
2025-05-19 10:15:00,409.05,441.15,407.8,435.65,18225,15.868743,1308075,25024.1,24800.0
2025-05-19 10:30:00,436.4,446.95,400.0,430.5,35700,16.454021,1304925,25003.35,24800.0
2025-05-19 10:45:00,430.5,444.55,405.35,412.2,13350,16.028845,132900,25034.8,24850.0
2025-05-19 11:00:00,412.2,417.45,404.9,405.75,3075,15.949365,132525,25027.05,24850.0
2025-05-19 11:15:00,405.75,415.5,400.05,401.05,6600,15.698582,134625,25026.05,24850.0
2025-05-19 11:30:00,401.05,440.7,401.05,430.0,18000,16.230162,1300350,25008.8,24800.0
2025-05-19 11:45:00,430.0,435.9,422.0,422.0,18900,16.023272,1303725,25001.75,24800.0
2025-05-19 12:00:00,423.0,423.0,409.05,418.05,27975,16.388676,1304475,24987.5,24800.0
2025-05-19 12:15:00,416.7,430.0,407.7,423.8,32400,15.777407,1302900,25010.55,24800.0
2025-05-19 12:30:00,423.65,428.55,419.95,421.95,23325,15.981719,1301400,25003.4,24800.0
2025-05-19 12:45:00,421.95,430.0,418.25,425.2,15300,15.823811,1299750,25012.1,24800.0
2025-05-19 13:00:00,425.2,430.15,404.8,409.4,22875,16.165927,1304175,24980.55,24800.0
2025-05-19 13:15:00,409.4,419.9,405.0,409.0,16575,15.465513,1303950,24996.45,24800.0
2025-05-19 13:30:00,409.0,412.05,395.0,400.55,22950,15.570445,1309875,24981.5,24800.0
2025-05-19 13:45:00,400.55,431.1,394.1,394.1,12000,15.407283,1312500,24975.0,24750.0
2025-05-19 14:00:00,428.0,437.8,387.9,395.6,16875,14.915959,161475,24940.35,24750.0
2025-05-19 14:15:00,395.6,410.45,395.6,399.35,4425,15.242024,161550,24938.85,24750.0
2025-05-19 14:30:00,399.35,407.1,395.0,407.1,2175,15.398038,162300,24940.2,24750.0
2025-05-19 14:45:00,407.1,432.05,388.0,425.45,10275,15.421204,1486350,24924.95,24700.0
2025-05-19 15:00:00,393.65,409.0,393.6,398.15,3300,14.892789,163125,24945.65,24750.0
2025-05-19 15:15:00,398.15,399.75,395.15,395.2,5925,15.168243,162000,24935.35,24750.0
2025-05-20 09:15:00,388.95,430.6,379.4,395.1,68925,15.973778,163350,24935.65,24750.0
2025-05-20 09:30:00,395.1,427.0,387.05,416.2,18975,16.097203,1463400,24915.75,24700.0
2025-05-20 09:45:00,416.2,438.45,394.2,406.95,41700,16.471011,1465275,24894.05,24700.0
2025-05-20 10:00:00,406.95,416.1,396.1,407.8,29925,16.298097,1467600,24899.4,24700.0
2025-05-20 10:15:00,408.1,408.8,391.95,396.75,23400,16.017541,1467450,24889.1,24700.0
2025-05-20 10:30:00,396.75,430.7,377.55,394.15,25275,16.356631,174450,24927.0,24750.0
2025-05-20 10:45:00,394.15,436.15,394.15,433.45,11625,16.945096,1470225,24930.85,24750.0
2025-05-20 11:00:00,399.0,439.25,396.8,431.15,20550,16.983095,1473600,24920.75,24700.0
2025-05-20 11:15:00,431.15,431.15,405.75,409.95,18450,16.910485,1475775,24890.55,24700.0
2025-05-20 11:30:00,409.95,433.3,397.55,432.5,16575,17.164502,143025,24870.3,24650.0
2025-05-20 11:45:00,432.5,434.2,390.25,423.0,13875,16.877064,144750,24862.5,24650.0
2025-05-20 12:00:00,423.0,434.0,388.85,416.3,17475,16.532448,144975,24859.2,24650.0
2025-05-20 12:15:00,416.3,422.45,412.65,416.15,2175,16.42993,145500,24862.35,24650.0
2025-05-20 12:30:00,416.15,423.1,413.0,418.55,4425,16.739455,145875,24859.6,24650.0
2025-05-20 12:45:00,418.55,440.55,397.15,412.25,40725,17.138087,1185900,24792.5,24600.0
2025-05-20 13:00:00,414.65,423.65,400.65,404.55,51225,16.698982,1172025,24790.7,24600.0
2025-05-20 13:15:00,404.55,433.0,384.0,395.7,50775,16.53771,1156725,24781.0,24600.0
2025-05-20 13:30:00,395.7,425.0,389.25,411.75,14625,16.547095,72375,24762.2,24550.0
2025-05-20 13:45:00,411.75,424.15,386.9,417.65,16875,16.424445,71850,24767.95,24550.0
2025-05-20 14:00:00,417.65,417.65,392.9,394.15,3375,16.171154,72300,24738.35,24550.0
2025-05-20 14:15:00,394.15,429.0,393.95,412.15,349050,16.755579,3074175,24704.1,24500.0
2025-05-20 14:30:00,413.35,416.9,392.85,394.65,688275,16.565538,2896350,24681.9,24500.0
2025-05-20 14:45:00,395.3,404.0,393.2,396.0,358500,16.880105,2845875,24677.3,24500.0
2025-05-20 15:00:00,396.0,436.45,395.05,410.0,176250,17.152002,2790825,24693.1,24500.0
2025-05-20 15:15:00,409.4,447.75,404.0,415.2,133950,16.562407,2740575,24713.85,24500.0
2025-05-21 09:15:00,375.25,418.2,358.4,387.5,168750,16.710173,82425,24738.3,24550.0
2025-05-21 09:30:00,416.45,420.5,372.25,394.45,81750,16.79027,1165275,24796.65,24600.0
2025-05-21 09:45:00,393.95,424.0,376.1,415.35,42375,17.401169,1144350,24815.9,24600.0
2025-05-21 10:00:00,415.35,423.6,385.5,421.7,24450,17.680871,176925,24869.2,24650.0
2025-05-21 10:15:00,388.0,428.0,387.7,408.95,291450,17.952366,1703775,24893.65,24700.0
2025-05-21 10:30:00,408.95,431.35,385.2,425.8,142050,18.121338,1688925,24916.1,24700.0
2025-05-21 10:45:00,425.15,427.45,390.95,411.7,90075,17.162462,1665375,24914.8,24700.0
2025-05-21 11:00:00,411.15,426.6,381.7,393.35,98250,16.700327,1654350,24896.95,24700.0
2025-05-21 11:15:00,393.35,427.0,379.0,421.15,49800,17.624526,167025,24871.0,24650.0
2025-05-21 11:30:00,421.15,423.25,390.8,400.0,4725,16.959604,165450,24853.05,24650.0
2025-05-21 11:45:00,400.0,414.25,373.95,379.95,25650,16.719318,168000,24827.85,24650.0
2025-05-21 12:00:00,413.85,415.0,375.0,381.4,52425,16.649511,76575,24733.45,24550.0
2025-05-21 12:15:00,416.8,417.45,364.35,378.3,145725,16.550231,75225,24743.05,24550.0
2025-05-21 12:30:00,378.3,406.6,360.0,378.75,62100,16.595379,955275,24780.3,24600.0
2025-05-21 12:45:00,373.95,413.0,372.35,376.3,9450,16.606945,958125,24776.6,24600.0
2025-05-21 13:00:00,376.3,414.0,375.0,390.35,43500,16.516212,962175,24800.05,24600.0
2025-05-21 13:15:00,389.85,409.1,358.55,362.2,64800,15.668744,963900,24775.1,24600.0
2025-05-21 13:30:00,366.65,401.75,357.75,394.8,51225,16.2738,77550,24762.8,24550.0
2025-05-21 13:45:00,394.8,394.8,361.0,368.15,14025,16.028755,974475,24777.3,24600.0
2025-05-21 14:00:00,399.55,399.55,356.5,380.0,33150,15.8396,984525,24799.2,24600.0
2025-05-21 14:15:00,381.6,400.0,370.4,391.3,44550,16.219865,977175,24808.75,24600.0
2025-05-21 14:30:00,391.3,403.0,365.0,373.85,34425,16.088984,977100,24785.55,24600.0
2025-05-21 14:45:00,373.85,394.15,373.85,382.5,25350,15.670941,976125,24807.0,24600.0
2025-05-21 15:00:00,343.1,395.25,343.1,367.45,26775,14.401612,977925,24809.4,24600.0
2025-05-21 15:15:00,369.5,374.85,353.85,364.8,77325,14.661154,967200,24800.95,24600.0
2025-05-22 09:15:00,400.15,400.15,350.0,368.85,253575,16.709495,693525,24590.5,24400.0
2025-05-22 09:30:00,404.5,404.5,331.0,359.2,116700,15.986676,715350,24589.95,24400.0
2025-05-22 09:45:00,396.25,396.25,330.0,342.65,50625,15.19533,104325,24629.65,24450.0
2025-05-22 10:00:00,375.5,377.85,332.6,362.35,66975,15.387469,735150,24606.05,24400.0
2025-05-22 10:15:00,362.35,382.25,342.05,347.8,38850,15.640615,732000,24580.25,24400.0
2025-05-22 10:30:00,347.8,373.0,330.8,358.8,36600,15.154785,733950,24605.55,24400.0
2025-05-22 10:45:00,358.8,361.9,350.0,360.6,23250,15.339919,735375,24605.15,24400.0
2025-05-22 11:00:00,359.2,362.2,349.35,353.2,22725,15.34062,742575,24594.6,24400.0
2025-05-22 11:15:00,350.0,355.85,341.0,350.25,28425,15.065154,747300,24595.5,24400.0
2025-05-22 11:30:00,350.25,384.9,347.0,367.75,19125,15.698642,87225,24560.65,24350.0
2025-05-22 11:45:00,367.75,374.5,330.7,350.0,57750,15.39327,775425,24589.75,24400.0
2025-05-22 12:00:00,349.3,376.0,336.6,371.15,79050,15.310491,83925,24572.8,24350.0
2025-05-22 12:15:00,373.0,374.85,358.0,364.95,5925,15.705602,86925,24552.7,24350.0
2025-05-22 12:30:00,364.95,367.0,363.65,364.0,1350,15.48533,86250,24558.7,24350.0
2025-05-22 12:45:00,364.0,383.9,341.85,383.0,40350,16.322453,678675,24523.85,24300.0
2025-05-22 13:00:00,381.6,383.95,345.1,357.3,31875,16.103268,89475,24539.65,24350.0
2025-05-22 13:15:00,357.3,362.0,350.5,360.35,10950,15.705282,90825,24551.65,24350.0
2025-05-22 13:30:00,360.35,376.75,340.0,374.95,17700,15.676962,679275,24524.2,24300.0
2025-05-22 13:45:00,374.95,379.8,341.6,342.45,13050,15.722588,88875,24525.35,24350.0
2025-05-22 14:00:00,378.0,378.8,338.2,340.0,6000,15.534569,88275,24529.8,24350.0
2025-05-22 14:15:00,381.15,381.15,349.3,359.45,97725,16.247141,698325,24492.35,24300.0
2025-05-22 14:30:00,359.8,387.25,332.3,356.0,66000,15.084571,96975,24557.55,24350.0
2025-05-22 14:45:00,358.45,384.5,315.15,352.05,269025,14.179262,867750,24616.8,24400.0
2025-05-22 15:00:00,351.15,361.35,341.7,351.3,191400,14.760566,906900,24606.25,24400.0
2025-05-22 15:15:00,351.0,360.0,323.95,326.0,133050,13.743006,121350,24637.0,24450.0
2025-05-23 09:15:00,322.05,352.25,296.7,339.5,1973175,14.341047,4141650,24713.8,24500.0
2025-05-23 09:30:00,337.35,355.95,307.55,324.75,1590225,14.982198,4136100,24781.4,24600.0
2025-05-23 09:45:00,362.8,371.5,314.5,346.2,2357400,15.993759,3535800,24796.0,24600.0
2025-05-23 10:00:00,346.95,378.45,336.05,370.3,1610325,16.790292,3420975,24818.1,24600.0
2025-05-23 10:15:00,370.95,378.0,329.3,363.4,1043850,15.831255,477225,24774.7,24550.0
2025-05-23 10:30:00,328.8,369.8,323.2,358.55,972375,16.062578,3260850,24813.7,24600.0
2025-05-23 10:45:00,361.15,383.0,327.1,364.15,2537925,17.885087,3477225,24889.6,24700.0
2025-05-23 11:00:00,366.4,373.5,344.95,363.55,960000,17.825572,3310650,24890.1,24700.0
2025-05-23 11:15:00,363.3,390.95,348.4,356.7,442500,17.716987,3301725,24882.0,24700.0
2025-05-23 11:30:00,357.65,396.75,353.25,381.55,549675,17.81024,735675,24868.6,24650.0
2025-05-23 11:45:00,383.5,386.85,337.65,345.45,455925,16.531035,734625,24837.45,24650.0
2025-05-23 12:00:00,345.85,387.6,336.45,344.0,235575,16.579773,709200,24834.75,24650.0
2025-05-23 12:15:00,342.1,386.0,337.7,386.0,219225,18.200299,714900,24869.5,24650.0
2025-05-23 12:30:00,384.75,400.5,350.8,382.2,894300,17.872804,712875,24869.8,24650.0
2025-05-23 12:45:00,350.55,372.15,349.95,355.4,471000,17.781731,3074550,24880.9,24700.0
2025-05-23 13:00:00,355.8,375.45,352.1,359.6,474300,18.344172,3043800,24877.45,24700.0
2025-05-23 13:15:00,358.55,367.2,350.25,355.75,329175,17.668482,3035400,24884.15,24700.0
2025-05-23 13:30:00,355.0,391.8,341.0,359.4,382575,17.075884,666525,24851.0,24650.0
2025-05-23 13:45:00,359.85,382.0,336.0,337.35,229800,16.603558,3059100,24875.9,24700.0
2025-05-23 14:00:00,336.35,381.6,336.35,368.85,515175,16.858954,678900,24869.1,24650.0
2025-05-23 14:15:00,371.7,382.35,337.6,375.0,192000,17.205377,672150,24872.65,24650.0
2025-05-23 14:30:00,375.6,378.0,342.5,345.35,104700,16.82696,664650,24835.65,24650.0
2025-05-23 14:45:00,345.35,386.85,331.95,340.75,216450,16.412549,661575,24836.25,24650.0
2025-05-23 15:00:00,339.6,357.3,333.25,335.0,270900,15.048721,609975,24850.75,24650.0
2025-05-23 15:15:00,336.75,349.3,335.25,346.85,244575,16.457193,544575,24845.15,24650.0
2025-05-26 09:15:00,249.0,371.65,248.95,344.95,2972550,23.721266,1454475,25040.5,24850.0
2025-05-26 09:30:00,343.9,356.0,329.3,343.45,616650,23.362544,1376325,25043.55,24850.0
2025-05-26 09:45:00,342.55,370.55,324.25,357.7,904125,23.645489,1271775,25061.95,24850.0
2025-05-26 10:00:00,357.7,360.65,342.4,346.75,209175,23.78435,1257000,25044.15,24850.0
2025-05-26 10:15:00,349.05,390.25,320.35,333.55,757875,23.775556,3722775,24975.2,24800.0
2025-05-26 10:30:00,368.0,386.75,323.25,371.1,364725,24.87201,554250,24969.4,24750.0
2025-05-26 10:45:00,337.65,378.25,336.6,344.5,374625,24.744053,3736500,24980.3,24800.0
2025-05-26 11:00:00,379.45,382.8,337.7,370.8,81000,24.66462,544125,24972.75,24750.0
2025-05-26 11:15:00,337.0,386.15,336.75,371.2,777600,24.618893,540075,24974.5,24750.0
2025-05-26 11:30:00,371.2,375.45,330.45,371.05,143925,24.711034,547200,24973.7,24750.0
2025-05-26 11:45:00,337.15,372.0,336.0,360.95,482100,25.430738,3591600,24999.05,24800.0
2025-05-26 12:00:00,361.5,368.5,341.85,344.4,444000,24.250118,3612075,24989.8,24800.0
2025-05-26 12:15:00,343.7,366.45,330.0,353.85,427800,24.04578,3592050,25007.4,24800.0
2025-05-26 12:30:00,354.75,375.85,332.85,366.7,305175,24.801722,547500,24968.4,24750.0
2025-05-26 12:45:00,332.25,373.7,329.35,367.35,129825,25.00996,539025,24967.35,24750.0
2025-05-26 13:00:00,367.35,371.8,332.0,337.35,245025,24.208719,3569475,24981.9,24800.0
2025-05-26 13:15:00,337.5,372.6,332.0,369.75,148725,24.936787,539250,24973.05,24750.0
2025-05-26 13:30:00,369.75,369.75,332.65,351.55,341775,24.490592,3553800,25001.2,24800.0
2025-05-26 13:45:00,351.9,361.75,342.9,348.65,388725,25.124985,3540825,24989.15,24800.0
2025-05-26 14:00:00,347.45,354.05,332.45,346.9,400950,24.045799,3555525,25001.0,24800.0
2025-05-26 14:15:00,346.9,373.4,328.0,336.85,261300,24.137391,3560475,24985.1,24800.0
2025-05-26 14:30:00,336.3,354.65,333.1,339.0,411750,23.750379,3515550,24993.95,24800.0
2025-05-26 14:45:00,339.0,355.0,330.55,347.5,450450,23.971418,3471000,25004.6,24800.0
2025-05-26 15:00:00,349.1,359.5,338.6,349.2,428775,24.235706,3393000,25004.45,24800.0
2025-05-26 15:15:00,349.3,351.9,344.0,347.0,381450,24.661298,3290475,24996.35,24800.0
2025-05-26 15:30:00,347.95,347.95,347.95,347.95,300,24.778339,3290475,24996.35,24800.0
2025-05-27 09:15:00,424.0,424.0,333.0,338.3,756750,28.498752,2080425,24790.45,24600.0
2025-05-27 09:30:00,337.6,375.0,314.0,331.5,582000,28.88166,501975,24825.7,24650.0
2025-05-27 09:45:00,365.25,370.9,327.1,350.8,455550,28.622688,341250,24760.4,24550.0
2025-05-27 10:00:00,347.45,365.85,313.35,322.6,212925,27.733764,2273775,24777.1,24600.0
2025-05-27 10:15:00,356.45,356.65,336.5,340.75,42975,27.784235,342600,24755.7,24550.0
2025-05-27 10:30:00,340.75,355.95,311.5,333.9,270975,26.331435,340650,24761.3,24550.0
2025-05-27 10:45:00,334.55,349.9,308.7,317.5,287700,26.997714,2300025,24779.7,24600.0
2025-05-27 11:00:00,351.15,381.45,310.8,328.9,1556850,28.733716,2632875,24877.65,24700.0
2025-05-27 11:15:00,334.8,393.85,313.4,376.1,3305550,32.131403,5491800,25012.55,24800.0
2025-05-27 11:30:00,347.05,403.05,306.5,370.8,2215125,30.944758,773700,24968.95,24750.0
2025-05-27 11:45:00,370.75,385.0,326.05,358.4,389550,31.196744,779175,24948.05,24750.0
2025-05-27 12:00:00,358.4,376.4,338.25,359.7,165525,30.601762,781725,24957.45,24750.0
2025-05-27 12:15:00,363.35,392.55,335.8,360.0,354900,30.962232,415725,24856.3,24650.0
2025-05-27 12:30:00,360.0,383.3,332.6,365.55,151050,31.456152,422700,24860.4,24650.0
2025-05-27 12:45:00,330.95,385.0,326.35,371.55,151650,31.15869,2127750,24824.25,24600.0
2025-05-27 13:00:00,340.15,379.6,334.55,337.2,160950,30.391085,426675,24829.85,24650.0
2025-05-27 13:15:00,339.6,371.05,328.95,355.2,143625,28.865369,2180400,24824.85,24600.0
2025-05-27 13:30:00,354.75,365.35,318.95,338.85,104700,29.163391,426375,24847.4,24650.0
2025-05-27 13:45:00,341.0,382.4,319.5,350.85,162975,29.485397,314850,24764.35,24550.0
2025-05-27 14:00:00,350.85,357.25,317.0,343.65,85500,28.171479,331950,24767.6,24550.0
2025-05-27 14:15:00,345.65,353.3,301.8,325.9,139725,29.163785,342150,24731.35,24550.0
2025-05-27 14:30:00,325.9,356.9,317.15,326.95,166500,29.40125,2298675,24780.65,24600.0
2025-05-27 14:45:00,326.9,362.2,310.0,341.55,401850,28.02271,2263350,24817.7,24600.0
2025-05-27 15:00:00,340.0,345.4,300.75,310.75,277575,27.020498,434325,24831.8,24650.0
2025-05-27 15:15:00,311.25,350.0,301.1,301.4,259350,25.117624,405075,24837.7,24650.0
2025-05-28 09:15:00,334.6,346.7,279.2,311.0,1214550,30.232758,349875,24769.15,24550.0
2025-05-28 09:30:00,312.3,320.65,268.65,301.65,642675,30.098125,2289225,24807.25,24600.0
2025-05-28 09:45:00,300.6,310.0,260.75,270.55,646875,27.52188,2351775,24782.15,24600.0
2025-05-28 10:00:00,270.75,302.3,260.35,281.4,131475,25.838037,376950,24760.5,24550.0
2025-05-28 10:15:00,281.4,300.3,262.2,275.85,145425,26.30466,385650,24750.5,24550.0
2025-05-28 10:30:00,275.0,291.0,269.5,272.0,85350,25.291956,399750,24752.7,24550.0
2025-05-28 10:45:00,272.55,292.95,251.1,261.0,857550,26.184847,2413575,24781.65,24600.0
2025-05-28 11:00:00,261.75,299.65,259.0,285.6,348525,26.051974,392925,24768.05,24550.0
2025-05-28 11:15:00,246.5,291.85,246.5,275.4,274500,25.452314,394275,24758.7,24550.0
2025-05-28 11:30:00,274.65,279.1,260.05,272.95,90150,25.418539,397950,24756.35,24550.0
2025-05-28 11:45:00,272.95,289.35,245.35,286.0,197700,26.063085,398850,24770.9,24550.0
2025-05-28 12:00:00,283.2,283.2,263.6,273.2,93750,24.856498,388350,24761.7,24550.0
2025-05-28 12:15:00,273.2,286.2,243.35,248.0,132675,25.00196,2409825,24776.45,24600.0
2025-05-28 12:30:00,247.0,267.1,244.65,261.8,633900,25.227175,2369475,24795.1,24600.0
2025-05-28 12:45:00,262.55,297.0,255.0,274.95,876825,26.628862,2276550,24805.25,24600.0
2025-05-28 13:00:00,276.0,292.75,252.05,254.25,754725,24.420582,2246475,24791.35,24600.0
2025-05-28 13:15:00,252.45,291.5,237.75,253.5,625050,24.689467,2236275,24789.45,24600.0
2025-05-28 13:30:00,253.05,284.85,230.75,237.85,440625,23.391672,2277975,24776.7,24600.0
2025-05-28 13:45:00,276.0,277.85,234.5,270.25,202800,22.963081,382125,24773.3,24550.0
2025-05-28 14:00:00,272.0,275.0,234.4,240.7,417825,22.297977,2210925,24788.55,24600.0
2025-05-28 14:15:00,241.0,269.45,225.25,261.9,575100,21.387165,389250,24771.7,24550.0
2025-05-28 14:30:00,222.8,278.8,222.8,233.55,519150,22.010885,2138700,24782.0,24600.0
2025-05-28 14:45:00,235.0,272.15,226.05,265.8,348825,22.175601,378825,24774.05,24550.0
2025-05-28 15:00:00,265.7,268.0,241.7,247.25,171225,22.621199,356475,24748.5,24550.0
2025-05-28 15:15:00,247.25,253.3,234.15,234.15,129000,17.338489,327525,24757.15,24550.0
2025-05-29 09:15:00,146.65,258.2,145.0,224.55,4254450,34.802169,2027025,24800.05,24600.0
2025-05-29 09:30:00,179.6,239.75,173.65,232.6,1617375,36.134487,2033325,24808.75,24600.0
2025-05-29 09:45:00,229.25,233.3,206.5,227.15,1187625,36.001339,2053125,24804.05,24600.0
2025-05-29 10:00:00,227.65,253.2,195.95,226.35,1548975,37.558705,1938675,24801.75,24600.0
2025-05-29 10:15:00,226.75,256.55,206.05,238.3,895575,35.698048,321225,24771.15,24550.0
2025-05-29 10:30:00,233.3,235.45,204.0,206.8,391650,30.864243,381675,24743.2,24550.0
2025-05-29 10:45:00,206.75,231.3,202.2,202.2,282525,26.985786,381675,24743.95,24550.0
2025-05-29 11:00:00,208.3,237.15,178.65,226.6,655500,23.158798,3291450,24723.55,24500.0
2025-05-29 11:15:00,227.0,229.7,170.85,179.15,824925,0.0,468150,24728.95,24550.0
2025-05-29 11:30:00,178.8,194.9,169.2,175.3,515400,0.0,451425,24732.6,24550.0
2025-05-29 11:45:00,175.75,191.0,170.95,180.3,410625,0.0,459225,24739.5,24550.0
2025-05-29 12:00:00,180.25,195.5,175.45,184.05,563550,20.301749,447375,24732.05,24550.0
2025-05-29 12:15:00,183.3,198.6,177.0,193.95,497325,0.0,463800,24750.2,24550.0
2025-05-29 12:30:00,193.75,232.9,167.15,191.1,1514325,0.0,3437400,24700.55,24500.0
2025-05-29 12:45:00,190.05,226.0,163.7,221.3,1312650,29.893722,520200,24768.6,24550.0
2025-05-29 13:00:00,224.1,227.15,180.0,201.25,737250,0.0,471825,24760.75,24550.0
2025-05-29 13:15:00,198.45,213.9,189.25,200.8,402825,0.0,435900,24758.2,24550.0
2025-05-29 13:30:00,203.0,218.3,196.2,203.75,327000,0.0,418500,24754.75,24550.0
2025-05-29 13:45:00,202.95,211.35,190.35,197.25,328725,31.752266,419250,24745.7,24550.0
2025-05-29 14:00:00,196.4,224.7,163.0,164.65,576150,0.0,453525,24725.6,24550.0
2025-05-29 14:15:00,164.95,209.7,163.65,190.0,599175,0.0,433800,24746.85,24550.0
2025-05-29 14:30:00,190.6,215.0,188.0,204.0,477300,0.0,416850,24756.3,24550.0
2025-05-29 14:45:00,204.25,209.0,178.75,207.95,440325,49.728784,406800,24757.35,24550.0
2025-05-29 15:00:00,159.2,225.85,159.2,182.65,4272600,0.0,826425,24850.75,24650.0
2025-05-29 15:15:00,182.85,185.4,133.15,133.3,1571850,0.0,6455775,24880.85,24700.0
