datetime,open,high,low,close,volume,iv,oi,spot,strike
2025-01-28 09:15:00,430.0,430.0,335.45,368.25,187475,20.972751,898225,22908.35,23250.0
2025-01-28 09:30:00,366.15,410.0,366.1,403.25,47400,23.130547,904400,22877.9,23250.0
2025-01-28 09:45:00,403.25,420.0,355.4,391.2,146300,23.01487,903375,22892.0,23250.0
2025-01-28 10:00:00,390.0,400.5,355.45,395.9,35875,22.269495,902750,22881.25,23250.0
2025-01-28 10:15:00,395.9,407.35,353.4,369.45,105000,21.100227,902375,22906.7,23250.0
2025-01-28 10:30:00,374.0,396.95,355.7,384.85,28075,20.475488,910000,22884.05,23250.0
2025-01-28 10:45:00,384.85,392.7,369.65,379.35,20700,21.688193,915575,22897.5,23250.0
2025-01-28 11:00:00,379.35,409.15,353.1,377.5,174700,23.223748,1808500,22959.6,23300.0
2025-01-28 11:15:00,377.0,388.95,363.0,372.0,78450,23.925184,1806600,22971.2,23300.0
2025-01-28 11:30:00,372.0,417.45,355.0,375.05,89850,22.440583,414875,23007.3,23350.0
2025-01-28 11:45:00,375.05,393.05,345.9,374.6,38750,20.346094,413475,22995.15,23350.0
2025-01-28 12:00:00,373.0,395.3,346.25,386.3,42225,20.64515,1045400,23032.65,23400.0
2025-01-28 12:15:00,386.3,387.85,337.3,343.35,40375,15.536972,404500,23008.7,23350.0
2025-01-28 12:30:00,343.35,361.6,341.45,349.5,12425,17.254097,404225,23008.85,23350.0
2025-01-28 12:45:00,349.5,384.5,338.3,376.1,40925,20.762755,1047650,23045.0,23400.0
2025-01-28 13:00:00,376.1,379.0,352.05,356.6,48250,20.168459,1047725,23065.25,23400.0
2025-01-28 13:15:00,355.4,378.1,348.0,378.1,104900,17.351405,1061525,23026.15,23400.0
2025-01-28 13:30:00,380.1,382.25,362.45,382.25,36100,20.946917,1055425,23037.9,23400.0
2025-01-28 13:45:00,382.8,383.85,357.55,363.0,44925,20.324186,1057825,23057.65,23400.0
2025-01-28 14:00:00,363.0,370.75,350.0,363.85,40725,19.442277,1057200,23051.75,23400.0
2025-01-28 14:15:00,364.0,408.0,336.05,342.6,41300,17.304654,310825,23116.5,23450.0
2025-01-28 14:30:00,342.6,389.0,334.6,372.0,117525,16.43605,1845825,23129.35,23500.0
2025-01-28 14:45:00,373.2,395.85,293.4,385.05,415600,21.771197,495075,22987.6,23350.0
2025-01-28 15:00:00,337.55,383.65,328.25,337.9,292925,16.476239,1743350,22967.55,23300.0
2025-01-28 15:15:00,338.6,388.75,333.6,385.9,174950,19.789085,491375,22976.3,23350.0
2025-01-29 09:15:00,385.05,404.65,331.65,364.65,120300,19.176925,490900,22987.7,23350.0
2025-01-29 09:30:00,364.5,402.15,341.35,380.25,163525,25.783687,1029900,23040.45,23400.0
2025-01-29 09:45:00,380.55,400.35,370.0,370.0,78900,26.84267,1034725,23056.7,23400.0
2025-01-29 10:00:00,371.55,407.35,355.2,366.0,88375,28.188218,1057000,23067.15,23400.0
2025-01-29 10:15:00,366.0,406.05,356.85,385.3,61975,28.676089,329625,23095.25,23450.0
2025-01-29 10:30:00,385.25,405.45,352.0,362.35,38200,28.91253,1077825,23074.1,23400.0
2025-01-29 10:45:00,402.3,410.0,347.7,350.9,39475,25.493401,342775,23122.85,23450.0
2025-01-29 11:00:00,353.9,406.35,353.9,392.95,37150,28.88578,351500,23085.4,23450.0
2025-01-29 11:15:00,392.95,446.7,328.05,366.15,154900,28.621234,1067025,23066.45,23400.0
2025-01-29 11:30:00,412.05,412.05,348.25,383.7,47625,28.148643,311350,23092.7,23450.0
2025-01-29 11:45:00,383.7,406.3,350.4,370.4,91950,29.136087,346550,23112.7,23450.0
2025-01-29 12:00:00,367.3,389.9,356.6,367.95,24275,30.390023,348900,23120.95,23450.0
2025-01-29 12:15:00,367.95,406.75,355.05,399.0,226125,31.294016,1740075,23135.9,23500.0
2025-01-29 12:30:00,396.9,413.25,345.25,394.05,121475,29.31858,1733075,23133.25,23500.0
2025-01-29 12:45:00,394.05,408.35,347.05,364.7,128500,30.185501,313775,23122.35,23450.0
2025-01-29 13:00:00,364.7,400.8,353.0,368.1,50800,29.100431,309950,23112.8,23450.0
2025-01-29 13:15:00,409.45,412.7,353.8,370.4,178900,29.867897,1736350,23162.95,23500.0
2025-01-29 13:30:00,370.2,403.4,368.15,392.95,111125,32.916877,1734775,23147.6,23500.0
2025-01-29 13:45:00,393.75,399.0,365.85,374.65,152175,30.272896,1729000,23158.3,23500.0
2025-01-29 14:00:00,374.65,425.95,358.25,361.3,129050,30.203469,1734325,23174.05,23500.0
2025-01-29 14:15:00,357.5,415.9,353.55,385.65,298925,30.016031,1722125,23142.7,23500.0
2025-01-29 14:30:00,383.75,415.9,349.55,384.25,115675,30.264934,1717100,23144.85,23500.0
2025-01-29 14:45:00,384.25,408.0,383.2,396.4,126475,32.610974,1724950,23138.8,23500.0
2025-01-29 15:00:00,396.4,410.4,375.65,385.0,133525,34.204196,1702400,23159.35,23500.0
2025-01-29 15:15:00,387.8,413.9,362.4,395.2,163500,29.089604,82875,23176.2,23550.0
2025-01-30 09:15:00,351.1,401.2,349.6,364.1,437875,58.813808,1664875,23169.45,23500.0
2025-01-30 09:30:00,408.15,408.15,360.0,366.6,29250,52.8127,66550,23204.15,23550.0
2025-01-30 09:45:00,365.8,401.8,337.4,387.0,42975,53.723374,443800,23230.5,23600.0
2025-01-30 10:00:00,387.0,409.5,336.2,343.9,109250,48.701362,483700,23271.4,23600.0
2025-01-30 10:15:00,391.9,391.9,336.0,352.25,19800,37.118366,72175,23300.5,23650.0
2025-01-30 10:30:00,352.25,372.0,344.4,351.95,9350,0.0,71775,23295.65,23650.0
2025-01-30 10:45:00,351.95,366.9,319.1,353.55,156250,33.502719,494275,23246.85,23600.0
2025-01-30 11:00:00,354.6,384.7,330.0,371.35,154700,51.420047,55325,23288.3,23650.0
2025-01-30 11:15:00,371.35,384.2,330.0,344.2,84525,50.543925,454550,23265.95,23600.0
2025-01-30 11:30:00,348.0,390.5,348.0,369.1,84500,59.040941,451700,23244.85,23600.0
2025-01-30 11:45:00,369.1,385.5,327.6,343.3,39525,53.869067,465350,23266.95,23600.0
2025-01-30 12:00:00,346.05,371.75,334.75,362.95,59550,62.243501,462375,23250.8,23600.0
2025-01-30 12:15:00,366.45,390.4,324.7,338.0,76050,58.390825,467225,23273.15,23600.0
2025-01-30 12:30:00,385.0,386.35,326.8,327.0,18825,43.627153,465750,23274.95,23600.0
2025-01-30 12:45:00,327.0,359.25,327.0,346.8,64000,61.510055,450125,23261.85,23600.0
2025-01-30 13:00:00,346.8,388.45,325.0,341.05,52250,52.61114,442975,23261.95,23600.0
2025-01-30 13:15:00,340.75,383.4,320.1,325.6,67225,0.0,94750,23223.6,23550.0
2025-01-30 13:30:00,325.6,384.5,320.3,326.6,33425,49.975437,86825,23224.5,23550.0
2025-01-30 13:45:00,326.6,386.1,321.0,367.15,55075,82.879849,85350,23191.7,23550.0
2025-01-30 14:00:00,364.6,430.2,308.95,339.0,177925,80.122058,1533525,23167.6,23500.0
2025-01-30 14:15:00,335.0,381.4,319.35,337.25,144325,72.541994,1518825,23164.85,23500.0
2025-01-30 14:30:00,339.7,363.9,323.0,326.6,336425,74.688565,1504100,23174.6,23500.0
2025-01-30 14:45:00,375.35,384.25,323.0,354.6,217325,0.0,80200,23192.15,23550.0
2025-01-30 15:00:00,355.25,390.85,317.95,358.85,55750,0.0,355275,23249.55,23600.0
2025-01-30 15:15:00,358.85,406.95,352.4,400.05,42175,0.0,38325,23297.95,23650.0
2025-01-31 09:15:00,556.95,568.0,534.9,564.35,1200,17.967936,254775,23326.05,23700.0
2025-01-31 09:30:00,538.75,574.35,538.75,549.65,3300,17.901556,255075,23349.45,23700.0
2025-01-31 09:45:00,549.95,554.5,542.6,554.5,4125,18.120022,256725,23389.5,23750.0
2025-01-31 10:00:00,582.05,582.05,540.0,546.5,4275,17.577434,261675,23340.2,23700.0
2025-01-31 10:15:00,546.5,565.5,530.0,543.5,6225,17.53772,33225,23395.05,23750.0
2025-01-31 10:30:00,543.5,548.05,512.35,515.05,9225,16.820188,33675,23413.65,23750.0
2025-01-31 10:45:00,515.05,548.15,513.85,541.85,8250,17.133262,332775,23430.8,23800.0
2025-01-31 11:00:00,541.85,548.45,515.6,523.3,4875,17.37299,43875,23424.0,23750.0
2025-01-31 11:15:00,546.5,551.5,512.15,550.05,9750,17.364086,340575,23403.45,23750.0
2025-01-31 11:30:00,514.6,537.85,514.6,525.75,1050,17.009485,43875,23399.9,23750.0
2025-01-31 11:45:00,525.75,525.75,497.4,519.25,4425,16.259449,345375,23431.55,23800.0
2025-01-31 12:00:00,519.25,528.95,513.45,516.25,8550,16.423926,349500,23444.2,23800.0
2025-01-31 12:15:00,516.25,521.6,509.25,511.45,4725,16.02651,351375,23434.85,23800.0
2025-01-31 12:30:00,511.45,511.45,482.85,490.3,31875,15.801712,363300,23462.45,23800.0
2025-01-31 12:45:00,491.25,500.1,487.55,487.55,12825,15.896459,369975,23471.7,23800.0
2025-01-31 13:00:00,520.8,520.8,486.1,506.0,2400,16.038991,23175,23496.05,23850.0
2025-01-31 13:15:00,506.0,510.3,504.6,510.2,750,16.683652,23250,23517.85,23850.0
2025-01-31 13:30:00,510.2,514.95,509.0,514.95,900,16.782313,23100,23506.65,23850.0
2025-01-31 13:45:00,514.95,514.95,514.95,514.95,0,16.782313,23100,23481.8,23850.0
2025-01-31 14:00:00,508.75,533.85,508.75,520.0,3075,16.666498,363075,23447.85,23800.0
2025-01-31 14:15:00,517.5,533.65,513.5,525.0,8850,16.792537,363000,23444.5,23800.0
2025-01-31 14:30:00,525.0,528.0,494.15,494.15,7050,16.237836,362250,23484.3,23850.0
2025-01-31 14:45:00,531.0,531.0,505.0,505.0,600,15.827101,23250,23487.85,23850.0
2025-01-31 15:00:00,505.0,522.05,505.0,511.5,675,16.678655,23325,23515.15,23850.0
2025-01-31 15:15:00,511.5,528.1,507.1,519.8,2550,16.30278,264600,23533.85,23900.0
2025-02-01 09:15:00,523.45,523.45,516.8,516.8,1050,16.841038,22800,23506.7,23850.0
2025-02-01 09:30:00,516.8,540.8,501.45,527.35,5100,17.431828,274350,23558.85,23900.0
2025-02-01 09:45:00,527.35,541.0,514.4,529.1,2925,17.397342,273075,23560.65,23900.0
2025-02-01 10:00:00,529.1,532.15,517.2,522.8,1350,17.041698,272775,23555.9,23900.0
2025-02-01 10:15:00,522.8,522.8,505.0,505.0,3675,16.605324,271275,23568.3,23900.0
2025-02-01 10:30:00,505.0,539.0,504.7,529.1,1425,16.746229,25725,23581.7,23950.0
2025-02-01 10:45:00,529.1,529.95,511.0,511.0,450,16.200832,26025,23590.5,23950.0
2025-02-01 11:00:00,515.0,522.5,493.0,497.55,7200,16.439103,273150,23582.95,23950.0
2025-02-01 11:15:00,524.15,525.2,494.8,514.3,2025,16.539632,27225,23599.5,23950.0
2025-02-01 11:30:00,514.3,540.2,488.0,520.05,17475,16.241976,1794900,23627.25,24000.0
2025-02-01 11:45:00,492.8,526.3,432.3,517.5,56775,16.210615,398100,23425.8,23800.0
2025-02-01 12:00:00,521.5,547.35,460.75,488.75,67125,15.535974,403650,23447.05,23800.0
2025-02-01 12:15:00,488.75,528.65,465.2,496.0,15750,15.885917,408000,23449.45,23800.0
2025-02-01 12:30:00,493.8,521.5,459.55,501.05,43200,15.869714,404475,23418.45,23750.0
2025-02-01 12:45:00,501.05,501.05,474.0,488.15,1725,15.918883,49425,23421.65,23750.0
2025-02-01 13:00:00,488.15,500.0,467.0,468.8,21225,15.382287,444300,23373.4,23700.0
2025-02-01 13:15:00,468.8,509.2,468.8,485.5,14025,15.297525,389475,23442.1,23800.0
2025-02-01 13:30:00,485.5,505.6,474.15,486.0,4575,15.363215,24225,23495.05,23850.0
2025-02-01 13:45:00,486.0,488.15,476.2,487.25,375,15.71557,24300,23495.25,23850.0
2025-02-01 14:00:00,487.25,503.55,465.8,468.85,1050,15.319109,24300,23520.25,23850.0
2025-02-01 14:15:00,468.85,507.35,468.85,482.9,5100,14.961156,259275,23533.95,23900.0
2025-02-01 14:30:00,482.9,497.85,451.4,456.45,27750,14.801496,406725,23471.55,23800.0
2025-02-01 14:45:00,456.45,476.85,456.45,471.25,675,14.946124,22950,23506.0,23850.0
2025-02-01 15:00:00,471.25,484.05,471.25,483.85,4575,14.962732,22575,23481.2,23850.0
2025-02-01 15:15:00,488.8,489.1,457.5,485.45,11325,15.356987,24375,23495.3,23850.0
2025-02-03 09:15:00,423.0,509.5,423.0,500.4,77175,16.081384,440100,23335.1,23700.0
2025-02-03 09:30:00,500.4,501.0,465.65,476.45,10275,15.653165,804825,23257.1,23600.0
2025-02-03 09:45:00,476.45,493.8,473.0,476.45,68700,15.397245,815025,23246.55,23600.0
2025-02-03 10:00:00,476.45,477.75,458.7,465.0,8550,15.329923,813300,23263.7,23600.0
2025-02-03 10:15:00,465.0,473.7,448.15,452.2,9150,15.059404,812400,23282.1,23650.0
2025-02-03 10:30:00,481.15,481.95,452.5,462.85,2850,15.12047,56175,23309.7,23650.0
2025-02-03 10:45:00,462.85,467.0,456.15,467.0,4350,15.186827,53400,23317.55,23650.0
2025-02-03 11:00:00,490.0,490.0,481.25,481.25,225,15.051033,411150,23098.2,23450.0
2025-02-03 11:15:00,481.25,483.0,471.6,471.6,1575,15.415241,53325,23290.5,23650.0
2025-02-03 11:30:00,471.6,475.35,452.25,459.35,6300,15.25914,814350,23270.3,23600.0
2025-02-03 11:45:00,459.35,462.45,459.35,459.75,1425,15.295626,814500,23281.35,23650.0
2025-02-03 12:00:00,459.75,459.75,459.75,459.75,0,15.295626,814500,23299.85,23650.0
2025-02-03 12:15:00,459.75,459.75,459.75,459.75,0,15.295626,814500,23048.5,23400.0
2025-02-03 12:30:00,459.75,459.75,445.0,450.65,750,14.959626,814575,23273.05,23600.0
2025-02-03 12:45:00,450.65,460.0,447.1,454.35,5625,15.019056,813825,23281.05,23650.0
2025-02-03 13:00:00,454.35,494.5,454.35,462.7,7050,15.130219,416775,23360.7,23700.0
2025-02-03 13:15:00,462.7,484.05,458.05,481.3,8475,15.209977,417675,23331.7,23700.0
2025-02-03 13:30:00,481.3,487.05,470.15,471.0,7575,15.275335,419325,23352.05,23700.0
2025-02-03 13:45:00,471.0,493.1,468.45,489.05,1275,15.379535,419700,23325.55,23700.0
2025-02-03 14:00:00,489.05,489.05,467.8,476.15,9375,15.364211,419550,23346.6,23700.0
2025-02-03 14:15:00,476.15,480.85,461.25,461.25,8775,15.085088,425475,23361.05,23700.0
2025-02-03 14:30:00,461.25,473.5,461.25,470.0,6300,15.214581,427500,23351.85,23700.0
2025-02-03 14:45:00,470.0,481.75,463.95,464.2,7575,15.067276,435150,23355.05,23700.0
2025-02-03 15:00:00,461.7,462.5,446.75,451.85,6375,14.832432,437925,23366.9,23700.0
2025-02-03 15:15:00,451.85,461.3,451.5,458.45,10275,14.939325,437025,23359.7,23700.0
2025-02-04 09:15:00,464.0,491.95,447.85,462.95,5250,15.291566,22800,23514.35,23850.0
2025-02-04 09:30:00,462.95,496.8,457.7,466.6,5625,15.621503,277800,23572.4,23900.0
2025-02-04 09:45:00,465.0,472.55,460.65,472.0,3900,15.50151,277800,23557.95,23900.0
2025-02-04 10:00:00,472.0,487.0,443.05,468.0,3375,15.471938,23025,23512.65,23850.0
2025-02-04 10:15:00,468.0,497.45,462.3,482.2,1275,15.795739,23100,23500.95,23850.0
2025-02-04 10:30:00,482.2,499.05,464.75,479.3,59700,15.902127,465675,23459.2,23800.0
2025-02-04 10:45:00,479.3,495.05,464.6,473.0,13575,15.813305,468075,23466.55,23800.0
2025-02-04 11:00:00,473.0,509.1,466.75,499.0,600,15.973171,25125,23506.5,23850.0
2025-02-04 11:15:00,499.0,499.0,459.5,481.1,1875,15.349719,275700,23529.2,23900.0
2025-02-04 11:30:00,481.1,483.45,472.35,483.45,5025,15.565327,277800,23540.2,23900.0
2025-02-04 11:45:00,483.45,487.9,455.95,473.8,6975,15.425693,277500,23546.25,23900.0
2025-02-04 12:00:00,473.8,488.75,471.6,471.6,3975,15.68338,276600,23565.4,23900.0
2025-02-04 12:15:00,471.6,506.2,469.75,469.75,675,15.606773,275175,23565.45,23900.0
2025-02-04 12:30:00,469.75,495.55,469.75,486.5,225,15.740617,22875,23590.85,23950.0
2025-02-04 12:45:00,486.5,486.5,476.15,476.15,300,15.80675,22950,23619.05,23950.0
2025-02-04 13:00:00,476.15,503.3,473.85,492.0,26475,15.890611,1755525,23640.05,24000.0
2025-02-04 13:15:00,492.0,496.8,477.75,483.75,52350,15.772496,1753650,23649.5,24000.0
2025-02-04 13:30:00,483.75,519.25,465.55,476.0,33225,15.957269,1776000,23670.55,24000.0
2025-02-04 13:45:00,476.0,496.7,476.0,482.75,750,15.499338,31950,23679.95,24050.0
2025-02-04 14:00:00,482.75,497.0,458.95,477.85,50175,15.576517,1779600,23651.6,24000.0
2025-02-04 14:15:00,485.5,492.0,473.55,483.6,62175,15.712631,1771725,23647.05,24000.0
2025-02-04 14:30:00,511.85,512.0,459.0,468.45,11850,15.217578,31500,23701.15,24050.0
2025-02-04 14:45:00,468.45,494.4,468.45,487.0,2100,15.730188,62400,23748.75,24100.0
2025-02-04 15:00:00,487.0,487.0,472.35,473.5,2925,15.159047,62775,23744.0,24100.0
2025-02-04 15:15:00,473.5,480.0,442.5,442.5,3150,14.19338,30075,23707.7,24050.0
2025-02-05 09:15:00,447.2,461.35,444.8,460.15,6675,15.212133,66225,23764.1,24100.0
2025-02-05 09:30:00,460.15,490.5,455.15,472.5,2250,15.310007,17625,23797.55,24150.0
2025-02-05 09:45:00,472.5,472.5,439.8,458.3,5175,14.89351,63075,23754.15,24100.0
2025-02-05 10:00:00,458.3,469.25,450.0,455.5,2175,14.563719,62625,23746.4,24100.0
2025-02-05 10:15:00,455.5,463.7,442.15,442.15,2100,14.692606,62025,23774.35,24100.0
2025-02-05 10:30:00,442.15,450.3,442.15,448.5,2250,14.845215,62175,23769.05,24100.0
2025-02-05 10:45:00,448.5,459.9,441.9,455.7,1350,14.901143,62475,23756.85,24100.0
2025-02-05 11:00:00,455.7,464.1,451.65,461.75,1950,14.444212,63300,23731.05,24100.0
2025-02-05 11:15:00,461.75,469.3,431.25,456.25,2475,14.729647,63150,23751.25,24100.0
2025-02-05 11:30:00,456.25,458.7,453.5,458.7,1350,14.717489,62850,23744.05,24100.0
2025-02-05 11:45:00,458.7,461.05,449.5,461.05,600,14.68551,62625,23741.25,24100.0
2025-02-05 12:00:00,461.05,463.0,461.05,463.0,225,14.63322,62775,23732.55,24100.0
2025-02-05 12:15:00,463.0,464.4,448.65,457.4,900,14.347138,62625,23734.35,24100.0
2025-02-05 12:30:00,457.4,457.4,451.35,451.35,75,14.14921,62625,23732.45,24100.0
2025-02-05 12:45:00,451.35,457.0,424.95,430.9,750,14.031858,23925,23722.05,24050.0
2025-02-05 13:00:00,430.9,455.95,430.9,442.35,1350,14.250539,63750,23755.9,24100.0
2025-02-05 13:15:00,442.35,442.35,439.45,441.0,1425,14.162724,63675,23749.3,24100.0
2025-02-05 13:30:00,441.0,457.0,441.0,452.45,1500,14.163598,63300,23735.4,24100.0
2025-02-05 13:45:00,452.45,453.0,431.45,432.5,1125,14.247791,63225,23770.7,24100.0
2025-02-05 14:00:00,432.5,448.0,431.0,448.0,375,14.112082,63000,23743.1,24100.0
2025-02-05 14:15:00,448.0,453.35,446.0,448.15,600,14.200238,63000,23737.25,24100.0
2025-02-05 14:30:00,448.15,454.8,448.15,452.9,750,14.182903,62850,23735.15,24100.0
2025-02-05 14:45:00,452.9,459.0,452.55,459.0,900,14.324937,63375,23730.25,24100.0
2025-02-05 15:00:00,459.0,459.0,425.0,449.95,750,14.35897,23775,23695.85,24050.0
2025-02-05 15:15:00,449.95,451.6,447.0,451.6,975,14.401718,22950,23686.75,24050.0
2025-02-06 09:15:00,465.0,465.0,457.0,457.0,2250,14.80291,22950,23696.55,24050.0
2025-02-06 09:30:00,457.0,460.8,436.05,448.2,79350,14.804999,1824825,23660.2,24000.0
2025-02-06 09:45:00,448.2,468.0,439.25,456.0,50625,14.635424,1825275,23640.6,24000.0
2025-02-06 10:00:00,456.0,466.7,434.2,464.55,52875,14.676847,1819350,23627.8,24000.0
2025-02-06 10:15:00,464.55,465.55,444.4,454.5,28425,14.360965,1819725,23632.9,24000.0
2025-02-06 10:30:00,455.75,458.0,435.6,444.75,34575,14.276654,1816725,23646.0,24000.0
2025-02-06 10:45:00,444.75,454.45,443.95,446.4,13575,14.237751,1818675,23641.75,24000.0
2025-02-06 11:00:00,446.4,458.7,424.4,439.0,11175,14.503171,31500,23613.2,23950.0
2025-02-06 11:15:00,439.0,446.0,435.25,440.5,1500,14.378009,30375,23605.9,23950.0
2025-02-06 11:30:00,440.5,446.15,436.15,438.4,1350,14.46233,29400,23612.55,23950.0
2025-02-06 11:45:00,438.4,439.05,427.45,439.05,450,14.424674,29325,23610.0,23950.0
2025-02-06 12:00:00,439.05,439.05,434.45,435.85,150,14.356262,29250,23612.8,23950.0
2025-02-06 12:15:00,435.85,461.8,430.05,457.25,3675,14.283389,1815975,23613.85,23950.0
2025-02-06 12:30:00,457.25,457.25,457.25,457.25,0,14.283389,1815975,23607.0,23950.0
2025-02-06 12:45:00,457.25,457.25,431.2,450.1,225,14.164769,29025,23581.7,23950.0
2025-02-06 13:00:00,450.1,450.1,440.65,440.65,150,13.807477,29025,23584.4,23950.0
2025-02-06 13:15:00,440.65,440.65,440.65,440.65,0,13.807477,29025,23594.7,23950.0
2025-02-06 13:30:00,440.65,440.65,440.65,440.65,0,13.807477,29025,23588.75,23950.0
2025-02-06 13:45:00,440.65,452.8,418.55,445.7,11100,13.924372,28950,23580.1,23950.0
2025-02-06 14:00:00,445.7,445.7,416.9,420.2,600,13.955078,342525,23573.0,23900.0
2025-02-06 14:15:00,420.2,421.65,416.25,419.35,7725,13.944779,341550,23574.0,23900.0
2025-02-06 14:30:00,419.35,457.5,415.0,443.95,2625,13.725803,29100,23575.75,23950.0
2025-02-06 14:45:00,413.2,443.95,413.05,422.1,975,14.095009,342150,23641.25,24000.0
2025-02-06 15:00:00,422.1,449.85,422.1,438.2,75,14.341117,29250,23595.9,23950.0
2025-02-06 15:15:00,438.2,464.8,432.9,460.45,9975,14.531902,1800975,23628.05,24000.0
2025-02-07 09:15:00,432.9,432.9,432.9,432.9,150,14.136163,29250,23594.45,23950.0
2025-02-07 09:30:00,450.55,452.3,433.75,433.95,675,14.418073,29175,23612.75,23950.0
2025-02-07 09:45:00,433.95,454.45,431.3,434.0,2175,14.140297,28650,23602.6,23950.0
2025-02-07 10:00:00,434.0,480.9,405.0,422.1,40725,13.850553,28575,23612.0,23950.0
2025-02-07 10:15:00,422.1,457.9,403.4,436.3,33900,13.818327,332100,23536.6,23900.0
2025-02-07 10:30:00,436.3,477.3,408.75,410.75,16200,13.677251,326625,23573.9,23900.0
2025-02-07 10:45:00,410.75,449.25,410.05,415.55,10125,13.557068,28650,23613.2,23950.0
2025-02-07 11:00:00,415.55,441.25,401.1,401.1,3450,13.121458,28425,23620.7,23950.0
2025-02-07 11:15:00,401.1,435.25,392.0,393.0,50250,12.732663,1765575,23681.25,24050.0
2025-02-07 11:30:00,421.95,431.0,396.85,431.0,31500,13.427791,27000,23683.6,24050.0
2025-02-07 11:45:00,431.0,431.0,407.6,425.15,16200,13.548859,1747875,23646.6,24000.0
2025-02-07 12:00:00,425.15,453.15,408.2,420.0,32250,14.11748,356625,23573.9,23900.0
2025-02-07 12:15:00,445.15,452.7,407.25,408.5,5700,13.470517,355725,23593.55,23950.0
2025-02-07 12:30:00,408.5,452.15,408.5,433.5,675,13.58055,26850,23583.2,23950.0
2025-02-07 12:45:00,433.5,433.5,402.4,413.25,1800,13.369106,353700,23557.35,23900.0
2025-02-07 13:00:00,413.25,421.05,395.95,417.45,2475,13.265942,353925,23547.7,23900.0
2025-02-07 13:15:00,417.45,421.65,403.0,403.15,6150,13.005415,354075,23567.7,23900.0
2025-02-07 13:30:00,403.15,407.7,390.95,406.25,2025,13.395629,353775,23572.35,23900.0
2025-02-07 13:45:00,406.25,429.15,383.55,428.65,7425,14.054798,173250,23511.25,23850.0
2025-02-07 14:00:00,428.65,446.0,407.05,418.1,69225,13.726266,1359450,23461.05,23800.0
2025-02-07 14:15:00,418.1,432.75,413.4,414.05,82650,13.70408,1378125,23466.95,23800.0
2025-02-07 14:30:00,414.05,450.9,410.85,422.55,46425,13.854144,1377075,23458.05,23800.0
2025-02-07 14:45:00,422.55,439.35,404.5,433.0,16500,13.675629,169575,23490.3,23850.0
2025-02-07 15:00:00,433.0,454.2,415.25,422.55,11100,14.251981,391425,23573.7,23900.0
2025-02-07 15:15:00,509.8,509.8,417.8,426.45,20550,14.142944,390750,23563.15,23900.0
2025-02-10 09:15:00,411.0,450.0,411.0,430.15,70050,15.227604,1326375,23473.6,23800.0
2025-02-10 09:30:00,431.25,453.9,411.7,431.25,35025,14.834711,142425,23408.25,23750.0
2025-02-10 09:45:00,431.25,450.9,420.55,433.15,37650,14.518794,1321425,23445.9,23800.0
2025-02-10 10:00:00,433.15,456.0,413.85,425.8,31425,15.04753,1369275,23373.1,23700.0
2025-02-10 10:15:00,425.8,455.55,419.1,447.35,18000,14.692606,142575,23385.55,23750.0
2025-02-10 10:30:00,447.35,455.35,422.65,442.6,6000,14.685735,140775,23397.2,23750.0
2025-02-10 10:45:00,442.6,442.6,407.9,435.5,1350,14.45516,140475,23395.3,23750.0
2025-02-10 11:00:00,435.5,444.05,435.0,442.7,450,14.860459,140100,23401.3,23750.0
2025-02-10 11:15:00,442.7,445.4,416.45,418.4,600,14.664263,1353450,23392.15,23750.0
2025-02-10 11:30:00,418.4,418.4,418.4,418.4,0,14.664263,1353450,23388.6,23750.0
2025-02-10 11:45:00,418.4,445.0,418.4,436.0,2475,15.317506,1354350,23364.4,23700.0
2025-02-10 12:00:00,436.0,446.7,430.0,433.1,20625,14.799549,1354050,23352.65,23700.0
2025-02-10 12:15:00,434.05,446.95,422.2,423.35,12750,14.709091,1350075,23365.6,23700.0
2025-02-10 12:30:00,423.35,439.0,419.0,421.0,8400,14.534785,1348200,23363.85,23700.0
2025-02-10 12:45:00,421.0,434.0,417.1,430.85,11925,14.638378,1348350,23351.05,23700.0
2025-02-10 13:00:00,432.0,435.45,429.9,433.95,16500,14.761294,1351200,23353.85,23700.0
2025-02-10 13:15:00,433.95,447.9,425.25,427.2,15450,14.482125,1352925,23351.95,23700.0
2025-02-10 13:30:00,427.2,449.6,400.2,428.8,11025,14.389269,1352025,23346.45,23700.0
2025-02-10 13:45:00,428.8,455.5,407.65,418.1,8175,14.272726,1350825,23360.0,23700.0
2025-02-10 14:00:00,418.1,440.0,418.1,440.0,7725,14.325006,1350375,23326.6,23700.0
2025-02-10 14:15:00,440.0,448.5,410.65,432.0,7050,14.310489,1348875,23338.75,23700.0
2025-02-10 14:30:00,432.0,452.75,398.55,407.0,9225,14.031261,1344225,23370.25,23700.0
2025-02-10 14:45:00,407.0,423.4,402.0,423.4,2250,14.058733,136500,23400.4,23750.0
2025-02-10 15:00:00,423.4,438.7,423.4,435.5,600,14.20231,136500,23380.35,23750.0
2025-02-10 15:15:00,435.5,436.05,403.9,433.95,4275,13.974548,136275,23376.05,23750.0
2025-02-11 09:15:00,408.8,447.15,408.65,424.85,46875,14.97069,120675,23314.2,23650.0
2025-02-11 09:30:00,424.85,444.9,411.5,431.25,12450,14.480536,1293375,23339.95,23700.0
2025-02-11 09:45:00,431.25,436.35,401.5,427.0,2400,14.75604,119100,23304.1,23650.0
2025-02-11 10:00:00,427.0,445.0,424.0,445.0,1200,14.805695,119775,23277.3,23650.0
2025-02-11 10:15:00,445.0,445.05,408.85,427.9,22575,14.296407,119550,23289.0,23650.0
2025-02-11 10:30:00,427.9,442.8,404.3,421.2,12675,14.649855,1417950,23259.3,23600.0
2025-02-11 10:45:00,419.75,425.15,409.45,412.25,32550,14.609036,1401150,23272.45,23600.0
2025-02-11 11:00:00,411.75,443.8,408.65,432.05,3225,14.22079,118725,23280.05,23650.0
2025-02-11 11:15:00,432.05,432.05,401.45,414.2,4950,14.29712,1411350,23259.8,23600.0
2025-02-11 11:30:00,414.2,420.85,406.95,412.6,17775,14.312531,1403925,23262.75,23600.0
2025-02-11 11:45:00,412.6,420.0,412.0,416.0,13125,14.035949,1399725,23249.15,23600.0
2025-02-11 12:00:00,415.9,417.15,410.0,410.25,12600,14.003795,1391250,23253.15,23600.0
2025-02-11 12:15:00,410.25,426.6,410.25,418.7,16125,14.085341,1392450,23246.2,23600.0
2025-02-11 12:30:00,419.05,424.5,417.0,420.55,8775,13.842438,1390275,23236.3,23600.0
2025-02-11 12:45:00,420.55,441.15,398.8,434.05,9600,14.558293,132525,23184.9,23550.0
2025-02-11 13:00:00,403.15,457.85,402.15,451.05,297225,15.437201,1257375,23031.2,23400.0
2025-02-11 13:15:00,453.85,455.15,409.0,440.7,144600,15.283593,1257375,23043.1,23400.0
2025-02-11 13:30:00,441.45,450.45,410.0,413.0,51300,14.851401,1237575,23074.8,23400.0
2025-02-11 13:45:00,457.2,457.2,411.3,434.4,25275,14.957714,1236600,23043.5,23400.0
2025-02-11 14:00:00,434.4,448.25,413.6,422.3,27975,14.613033,1224750,23052.65,23400.0
2025-02-11 14:15:00,422.3,450.75,392.55,404.1,24000,14.180099,174450,23018.3,23350.0
2025-02-11 14:30:00,404.1,445.6,401.4,427.35,21600,14.012167,1215300,23027.6,23400.0
2025-02-11 14:45:00,427.35,440.0,402.4,412.15,32325,14.170702,1206525,23055.75,23400.0
2025-02-11 15:00:00,412.15,437.9,392.4,398.95,47550,14.056716,1200000,23073.4,23400.0
2025-02-11 15:15:00,431.55,431.55,397.75,414.85,69000,14.825943,1199400,23070.5,23400.0
2025-02-12 09:15:00,414.85,432.2,383.4,426.75,64500,14.225371,154800,22979.2,23350.0
2025-02-12 09:30:00,393.3,437.5,385.6,392.25,126825,13.503235,130200,22911.8,23250.0
2025-02-12 09:45:00,392.25,436.25,384.6,429.0,310650,14.860115,2044125,22840.75,23200.0
2025-02-12 10:00:00,396.25,440.55,393.3,420.25,99450,13.976267,2020050,22830.6,23200.0
2025-02-12 10:15:00,382.8,449.5,382.8,404.95,125625,14.114353,2001675,22857.85,23200.0
2025-02-12 10:30:00,404.95,438.25,393.35,402.45,25050,14.293502,1978200,22866.65,23200.0
2025-02-12 10:45:00,402.45,438.0,395.0,395.6,38400,14.113235,114900,22923.05,23250.0
2025-02-12 11:00:00,395.6,429.85,395.6,428.0,22275,14.198481,1330650,22925.55,23300.0
2025-02-12 11:15:00,389.55,428.0,384.0,423.05,15150,14.01406,1333125,22928.2,23300.0
2025-02-12 11:30:00,423.7,428.0,383.95,412.2,24975,14.530988,141075,23009.55,23350.0
2025-02-12 11:45:00,428.5,438.95,371.8,402.45,48225,13.643268,1043025,23051.0,23400.0
2025-02-12 12:00:00,402.4,421.95,392.05,410.25,51075,13.847712,1051725,23044.4,23400.0
2025-02-12 12:15:00,410.25,422.35,388.25,400.8,6900,14.152666,139350,23016.8,23350.0
2025-02-12 12:30:00,425.85,425.85,387.05,419.5,17625,14.310688,1049625,23042.45,23400.0
2025-02-12 12:45:00,419.5,426.65,378.0,386.7,16575,13.626862,1046625,23074.9,23400.0
2025-02-12 13:00:00,386.7,423.45,383.2,399.15,5550,13.51954,117675,23103.05,23450.0
2025-02-12 13:15:00,395.95,404.85,379.4,384.9,2250,13.359851,116550,23120.8,23450.0
2025-02-12 13:30:00,416.95,420.6,374.0,387.5,63000,12.742691,115950,23100.15,23450.0
2025-02-12 13:45:00,387.5,423.4,374.25,395.0,28875,13.263343,134700,23001.3,23350.0
2025-02-12 14:00:00,397.9,424.35,380.5,399.65,15225,13.569992,132675,23002.25,23350.0
2025-02-12 14:15:00,399.65,408.55,395.8,395.8,1500,13.198094,132825,22998.25,23350.0
2025-02-12 14:30:00,395.8,416.65,371.45,400.0,20925,13.184351,133275,22991.45,23350.0
2025-02-12 14:45:00,400.0,418.95,377.0,407.15,6150,13.453901,132975,22989.45,23350.0
2025-02-12 15:00:00,407.15,429.0,395.65,408.85,28575,14.060319,1027725,23051.55,23400.0
2025-02-12 15:15:00,408.85,412.0,399.45,412.0,92550,14.47136,1030725,23057.8,23400.0
2025-02-13 09:15:00,411.55,440.1,367.3,428.0,49950,14.35722,1049700,23025.25,23400.0
2025-02-13 09:30:00,428.0,441.05,384.75,394.95,14175,14.087822,108075,23119.6,23450.0
2025-02-13 09:45:00,394.95,424.0,382.75,393.8,84150,14.162051,3749025,23173.95,23500.0
2025-02-13 10:00:00,393.8,430.95,384.0,392.1,38250,13.982118,3743175,23171.7,23500.0
2025-02-13 10:15:00,425.8,425.8,385.0,405.0,69375,13.818961,3741900,23147.4,23500.0
2025-02-13 10:30:00,406.8,423.0,382.15,405.05,40575,13.532013,105675,23190.5,23550.0
2025-02-13 10:45:00,405.05,417.45,380.25,417.45,9750,13.790059,105975,23176.55,23550.0
2025-02-13 11:00:00,417.45,426.55,378.3,418.65,22125,13.986098,105975,23181.3,23550.0
2025-02-13 11:15:00,418.65,418.65,398.7,398.7,825,13.325015,105825,23196.9,23550.0
2025-02-13 11:30:00,398.7,400.35,390.0,390.0,675,13.880432,105900,23222.45,23550.0
2025-02-13 11:45:00,390.0,419.35,375.0,383.7,9900,13.497014,106125,23220.85,23550.0
2025-02-13 12:00:00,383.7,397.05,383.7,397.05,825,13.0381,106575,23195.8,23550.0
2025-02-13 12:15:00,397.05,400.0,389.0,397.9,750,13.365207,106725,23195.1,23550.0
2025-02-13 12:30:00,397.9,408.1,389.25,408.1,450,13.467512,106800,23195.1,23550.0
2025-02-13 12:45:00,408.1,408.1,398.05,401.05,150,13.269367,106650,23190.2,23550.0
2025-02-13 13:00:00,401.05,402.1,374.1,389.3,19650,13.130597,3780975,23153.1,23500.0
2025-02-13 13:15:00,391.9,410.8,375.0,399.15,155475,13.64184,3815850,23151.05,23500.0
2025-02-13 13:30:00,398.1,429.75,365.0,417.0,44025,14.172821,103950,23086.2,23450.0
2025-02-13 13:45:00,417.0,419.95,377.55,408.3,23025,13.289632,103200,23077.9,23450.0
2025-02-13 14:00:00,408.3,418.5,376.1,390.05,76350,13.615047,1068975,23063.0,23400.0
2025-02-13 14:15:00,390.15,401.7,381.05,393.5,21375,13.574105,1066350,23056.6,23400.0
2025-02-13 14:30:00,393.5,424.3,379.35,381.6,27375,13.493389,119625,23022.2,23350.0
2025-02-13 14:45:00,381.6,417.3,381.6,395.15,39975,13.450739,1047450,23050.85,23400.0
2025-02-13 15:00:00,395.15,416.35,361.95,405.5,57075,13.242035,1067025,23030.15,23400.0
2025-02-13 15:15:00,407.2,418.85,377.2,389.5,16875,13.863802,118650,23019.4,23350.0
2025-02-14 09:15:00,398.05,412.15,358.8,403.75,49575,13.258206,1035600,23029.35,23400.0
2025-02-14 09:30:00,403.75,416.0,366.05,398.8,39675,13.541341,1034625,23043.2,23400.0
2025-02-14 09:45:00,398.8,414.65,361.55,384.95,25500,13.002887,1025325,23051.05,23400.0
2025-02-14 10:00:00,384.75,404.05,368.25,389.5,27000,12.948596,1023450,23043.0,23400.0
2025-02-14 10:15:00,389.5,404.25,359.55,396.4,11400,12.940434,1021950,23032.65,23400.0
2025-02-14 10:30:00,394.0,421.85,355.6,383.9,110400,13.956935,142275,22924.0,23250.0
2025-02-14 10:45:00,414.5,419.2,376.7,390.0,27525,13.859788,138225,22912.2,23250.0
2025-02-14 11:00:00,390.0,429.85,366.9,411.2,426300,14.434576,134625,22893.95,23250.0
2025-02-14 11:15:00,411.2,430.55,381.35,400.65,55575,14.250447,2087550,22854.8,23200.0
2025-02-14 11:30:00,401.75,427.7,381.35,402.85,59325,14.217017,132375,22901.15,23250.0
2025-02-14 11:45:00,402.85,411.7,382.1,387.9,5175,14.005278,133875,22918.7,23250.0
2025-02-14 12:00:00,387.9,426.15,375.6,415.05,136725,14.635971,2041200,22842.05,23200.0
2025-02-14 12:15:00,412.4,430.65,384.0,401.8,82800,14.03809,2040075,22847.7,23200.0
2025-02-14 12:30:00,401.8,415.0,388.2,415.0,54375,14.381731,2045250,22835.95,23200.0
2025-02-14 12:45:00,415.0,424.15,379.5,408.1,47925,14.67348,143550,22802.7,23150.0
2025-02-14 13:00:00,408.1,425.35,394.2,394.55,12750,13.973431,140625,22806.35,23150.0
2025-02-14 13:15:00,394.55,422.05,374.7,409.0,30825,14.137794,2040675,22839.0,23200.0
2025-02-14 13:30:00,409.0,415.0,376.3,391.05,9600,14.077979,139950,22812.1,23150.0
2025-02-14 13:45:00,391.05,415.55,391.05,406.5,9825,14.132763,140250,22791.95,23150.0
2025-02-14 14:00:00,406.5,418.55,392.7,398.9,5025,14.079802,138150,22802.05,23150.0
2025-02-14 14:15:00,431.8,437.05,383.7,385.85,84675,13.585413,2015400,22860.45,23200.0
2025-02-14 14:30:00,385.85,418.1,375.9,381.05,33900,13.276494,1178025,22961.3,23300.0
2025-02-14 14:45:00,381.9,413.45,360.3,396.4,51675,13.254823,1171275,22937.95,23300.0
2025-02-14 15:00:00,396.4,416.25,376.1,411.6,14250,14.037082,1169625,22933.4,23300.0
2025-02-14 15:15:00,411.6,424.55,377.65,391.2,27975,13.351725,123675,22897.25,23250.0
2025-02-17 09:15:00,341.55,425.9,341.55,396.85,273600,13.754917,2009625,22831.45,23200.0
2025-02-17 09:30:00,396.85,418.7,361.45,412.0,49350,14.786596,146550,22778.7,23150.0
2025-02-17 09:45:00,412.0,414.9,368.6,375.2,48825,14.262314,1126650,22771.2,23100.0
2025-02-17 10:00:00,375.2,414.35,363.0,379.95,32100,13.88535,1119525,22756.85,23100.0
2025-02-17 10:15:00,379.95,412.2,366.55,397.0,17850,13.550265,1978425,22827.3,23200.0
2025-02-17 10:30:00,397.0,436.0,357.7,377.0,33000,14.081298,126225,22916.15,23250.0
2025-02-17 10:45:00,377.0,412.9,361.45,400.0,17475,13.778193,128250,22877.5,23250.0
2025-02-17 11:00:00,400.0,400.4,362.3,382.3,32925,13.993176,149100,22805.7,23150.0
2025-02-17 11:15:00,382.3,421.95,381.9,401.0,12300,14.561695,1979100,22840.1,23200.0
2025-02-17 11:30:00,401.0,412.45,363.95,385.0,11100,14.207614,1977900,22856.25,23200.0
2025-02-17 11:45:00,385.0,399.0,373.35,377.9,17175,13.996627,1977825,22862.35,23200.0
2025-02-17 12:00:00,415.35,415.35,363.75,374.55,16650,14.351222,148275,22823.7,23150.0
2025-02-17 12:15:00,374.55,409.9,372.2,378.45,1575,14.447081,148050,22819.8,23150.0
2025-02-17 12:30:00,378.35,409.0,368.5,397.0,7650,14.659496,1972200,22847.35,23200.0
2025-02-17 12:45:00,397.0,425.6,373.0,412.0,11400,14.882252,129225,22880.45,23250.0
2025-02-17 13:00:00,412.0,412.0,374.9,396.45,18525,14.124309,1974375,22837.85,23200.0
2025-02-17 13:15:00,396.45,401.45,375.25,379.55,15525,14.08831,1973400,22861.3,23200.0
2025-02-17 13:30:00,379.55,410.75,366.65,384.75,33375,13.169094,1150200,22937.55,23300.0
2025-02-17 13:45:00,387.2,396.35,362.5,387.5,15000,14.016861,140475,22898.8,23250.0
2025-02-17 14:00:00,387.5,402.35,366.5,394.9,3450,13.85551,140625,22886.5,23250.0
2025-02-17 14:15:00,394.9,409.4,365.25,369.2,1950,13.520266,139875,22915.45,23250.0
2025-02-17 14:30:00,369.2,389.0,368.45,371.9,1575,13.543425,138900,22911.95,23250.0
2025-02-17 14:45:00,371.9,407.5,371.9,395.0,4950,14.055217,1147125,22939.0,23300.0
2025-02-17 15:00:00,395.0,396.0,376.0,376.55,12075,14.321982,1147350,22970.65,23300.0
2025-02-17 15:15:00,375.8,390.15,375.0,377.0,40125,13.995434,1145400,22963.5,23300.0
2025-02-18 09:15:00,415.0,431.05,391.0,415.55,15825,16.618888,135975,22900.7,23250.0
2025-02-18 09:30:00,415.55,440.5,397.6,399.6,8550,16.624407,134100,22924.45,23250.0
2025-02-18 09:45:00,431.95,438.15,379.2,394.35,12975,15.723704,132525,22914.5,23250.0
2025-02-18 10:00:00,419.2,425.1,394.1,403.95,10725,16.379762,131325,22894.45,23250.0
2025-02-18 10:15:00,403.95,441.7,384.35,433.35,105225,16.801405,2015850,22827.15,23200.0
2025-02-18 10:30:00,402.05,434.45,388.9,417.7,39450,16.35489,2009025,22841.45,23200.0
2025-02-18 10:45:00,417.7,430.0,390.0,393.45,52275,15.971902,2014875,22869.65,23200.0
2025-02-18 11:00:00,393.45,428.55,389.35,405.0,33225,16.627336,149775,22813.7,23150.0
2025-02-18 11:15:00,405.0,433.1,395.0,418.6,20475,16.29946,2024925,22838.8,23200.0
2025-02-18 11:30:00,418.75,425.5,393.45,393.45,39075,15.835123,2031375,22866.7,23200.0
2025-02-18 11:45:00,431.0,431.0,379.4,420.6,26850,16.375567,2034375,22837.1,23200.0
2025-02-18 12:00:00,422.1,423.45,392.65,395.75,33750,15.845218,2036400,22863.3,23200.0
2025-02-18 12:15:00,395.75,403.0,384.15,387.1,24600,15.781935,2035200,22876.4,23250.0
2025-02-18 12:30:00,387.1,434.1,383.75,405.0,2775,14.580065,122925,22877.65,23250.0
2025-02-18 12:45:00,405.0,405.0,367.8,385.75,38550,14.573291,1989375,22854.1,23200.0
2025-02-18 13:00:00,385.75,397.0,372.6,377.45,20925,14.89737,1992300,22871.85,23200.0
2025-02-18 13:15:00,377.45,414.85,377.45,398.35,10575,14.804118,122100,22894.25,23250.0
2025-02-18 13:30:00,398.35,400.5,380.0,380.0,1650,14.959757,126975,22921.45,23250.0
2025-02-18 13:45:00,372.95,390.0,372.5,382.0,2700,14.894728,127200,22915.4,23250.0
2025-02-18 14:00:00,382.0,414.95,373.75,382.9,1800,15.070564,126000,22917.25,23250.0
2025-02-18 14:15:00,382.9,418.85,380.0,399.25,11325,15.259179,1151925,22947.5,23300.0
2025-02-18 14:30:00,395.5,417.35,394.3,397.6,17400,15.107816,1155225,22947.05,23300.0
2025-02-18 14:45:00,397.6,406.85,384.45,393.1,15225,14.538007,1151550,22943.3,23300.0
2025-02-18 15:00:00,393.1,408.6,382.0,408.35,18675,16.20425,1152825,22951.4,23300.0
2025-02-18 15:15:00,408.35,425.7,390.0,390.0,15975,15.962195,127050,22923.15,23250.0
2025-02-19 09:15:00,380.05,403.15,361.25,384.85,82425,14.832064,1928175,22852.9,23200.0
2025-02-19 09:30:00,385.4,416.5,370.0,380.0,14625,14.966108,126675,22912.3,23250.0
2025-02-19 09:45:00,380.0,416.25,364.1,386.9,23475,14.082544,93525,22989.1,23350.0
2025-02-19 10:00:00,386.9,402.9,353.0,383.9,23475,13.591042,96975,22985.6,23350.0
2025-02-19 10:15:00,421.0,421.0,353.5,387.7,57975,13.826971,888675,23034.3,23400.0
2025-02-19 10:30:00,387.7,395.0,351.35,362.0,11925,13.921414,106425,23020.75,23350.0
2025-02-19 10:45:00,362.0,399.05,352.05,398.0,54825,14.382553,1165950,22927.95,23300.0
2025-02-19 11:00:00,400.0,401.8,365.0,365.25,18075,14.312154,1167075,22972.1,23300.0
2025-02-19 11:15:00,418.9,418.9,358.55,363.3,8325,13.427981,1166700,22960.45,23300.0
2025-02-19 11:30:00,363.8,395.0,354.05,373.55,11325,14.282961,1166100,22959.8,23300.0
2025-02-19 11:45:00,373.55,395.2,366.45,374.0,1125,13.791065,107175,23001.65,23350.0
2025-02-19 12:00:00,374.0,381.0,367.0,372.0,2550,13.478563,107100,22999.35,23350.0
2025-02-19 12:15:00,372.0,387.1,354.3,360.05,2700,13.727107,1170225,22969.4,23300.0
2025-02-19 12:30:00,362.45,391.2,357.6,377.6,19950,13.644612,1170525,22943.95,23300.0
2025-02-19 12:45:00,377.6,382.95,370.2,372.0,15375,13.470766,1171650,22948.85,23300.0
2025-02-19 13:00:00,372.0,395.2,351.0,379.3,16650,13.464791,1173825,22938.85,23300.0
2025-02-19 13:15:00,379.3,393.0,349.1,389.0,4425,13.656107,1173975,22928.6,23300.0
2025-02-19 13:30:00,389.0,392.0,360.0,380.9,9375,13.612035,1173825,22938.75,23300.0
2025-02-19 13:45:00,380.9,387.0,368.3,387.0,4650,13.47252,1173450,22928.5,23300.0
2025-02-19 14:00:00,387.0,387.0,363.15,368.0,4725,13.260961,1172100,22950.8,23300.0
2025-02-19 14:15:00,368.0,393.55,336.65,370.95,16275,14.379027,1912950,22863.3,23200.0
2025-02-19 14:30:00,373.95,400.05,356.15,386.0,39675,13.729213,134025,22880.85,23250.0
2025-02-19 14:45:00,386.0,386.0,361.0,365.0,8025,14.284094,137400,22917.8,23250.0
2025-02-19 15:00:00,396.7,402.35,385.7,392.4,45825,14.749682,1264500,22939.95,23300.0
2025-02-19 15:15:00,392.4,403.2,363.95,368.0,47400,14.187079,149550,22914.4,23250.0
2025-02-20 09:15:00,338.05,406.95,338.05,379.35,148800,14.474019,1917750,22847.0,23200.0
2025-02-20 09:30:00,379.35,400.0,350.0,386.75,39450,14.027266,147900,22881.25,23250.0
2025-02-20 09:45:00,352.15,404.25,335.05,390.4,110025,14.52504,147450,22883.05,23250.0
2025-02-20 10:00:00,350.25,399.45,346.1,356.45,48300,14.180406,1924200,22873.75,23200.0
2025-02-20 10:15:00,356.45,391.5,348.25,382.8,10575,13.588083,142800,22880.5,23250.0
2025-02-20 10:30:00,382.8,387.05,365.0,382.6,1425,13.780692,142275,22883.2,23250.0
2025-02-20 10:45:00,382.6,389.75,378.2,385.4,5025,14.362542,141825,22887.2,23250.0
2025-02-20 11:00:00,385.4,385.4,360.0,360.0,4350,13.647358,140025,22911.3,23250.0
2025-02-20 11:15:00,359.75,374.45,356.85,366.4,4725,13.770906,139950,22904.35,23250.0
2025-02-20 11:30:00,366.4,372.15,360.6,368.2,1725,13.954323,139350,22903.6,23250.0
2025-02-20 11:45:00,368.2,388.35,368.2,372.0,1050,13.75282,138900,22896.5,23250.0
2025-02-20 12:00:00,372.0,374.25,368.2,374.25,375,13.39699,138975,22889.1,23250.0
2025-02-20 12:15:00,374.25,374.25,372.8,372.8,150,13.055893,138900,22895.1,23250.0
2025-02-20 12:30:00,372.8,372.8,355.0,363.45,3000,13.16274,140100,22899.8,23250.0
2025-02-20 12:45:00,363.45,363.45,358.3,362.7,1200,13.071154,140625,22899.45,23250.0
2025-02-20 13:00:00,362.7,388.35,328.05,375.95,30750,12.876102,139725,22878.25,23250.0
2025-02-20 13:15:00,375.95,378.65,370.05,377.1,5175,13.177533,140325,22883.75,23250.0
2025-02-20 13:30:00,377.1,377.1,359.85,360.8,2700,13.386552,139575,22906.0,23250.0
2025-02-20 13:45:00,360.8,362.3,344.65,354.0,8850,12.759624,138675,22909.75,23250.0
2025-02-20 14:00:00,354.0,366.45,354.0,361.4,2400,12.95739,137475,22899.5,23250.0
2025-02-20 14:15:00,361.4,361.4,356.15,356.5,3150,12.975337,137775,22904.9,23250.0
2025-02-20 14:30:00,356.5,361.7,354.55,354.6,4950,13.287218,138300,22912.65,23250.0
2025-02-20 14:45:00,354.6,359.5,347.2,353.2,4650,13.077124,139650,22911.65,23250.0
2025-02-20 15:00:00,353.2,355.75,349.9,351.85,3225,13.358579,141300,22917.15,23250.0
2025-02-20 15:15:00,354.0,363.3,353.35,363.3,43050,13.688867,131550,22906.25,23250.0
2025-02-21 09:15:00,402.85,402.85,356.85,365.95,48075,13.612728,149100,22896.95,23250.0
2025-02-21 09:30:00,365.95,379.75,336.6,363.4,282525,13.045322,2081175,22843.5,23200.0
2025-02-21 09:45:00,365.0,382.45,327.4,344.3,318150,12.692468,168150,22813.65,23150.0
2025-02-21 10:00:00,350.0,374.5,330.4,350.0,200850,13.097864,1423125,22760.65,23100.0
2025-02-21 10:15:00,351.15,385.8,336.75,349.75,303675,13.627949,1418100,22767.15,23100.0
2025-02-21 10:30:00,385.0,388.0,338.45,364.0,37425,12.753808,149475,22789.2,23150.0
2025-02-21 10:45:00,364.0,390.0,332.75,372.0,121200,12.480047,148050,22776.45,23150.0
2025-02-21 11:00:00,372.0,376.55,330.15,339.3,145125,12.548859,1404525,22767.95,23100.0
2025-02-21 11:15:00,340.45,362.55,340.45,344.75,118650,12.907838,1391325,22764.95,23100.0
2025-02-21 11:30:00,344.75,385.6,335.65,348.35,38325,11.996371,152550,22800.75,23150.0
2025-02-21 11:45:00,348.35,361.95,342.0,355.95,14850,12.025111,151575,22791.6,23150.0
2025-02-21 12:00:00,355.95,370.45,349.45,364.4,18900,12.545744,149400,22786.3,23150.0
2025-02-21 12:15:00,364.4,364.4,348.3,350.1,10725,12.854178,149850,22807.5,23150.0
2025-02-21 12:30:00,350.1,355.15,328.0,337.6,32850,11.674239,151350,22810.7,23150.0
2025-02-21 12:45:00,339.6,362.0,329.4,362.0,30900,12.314802,149775,22786.85,23150.0
2025-02-21 13:00:00,321.95,382.55,321.15,376.35,190575,13.082308,144900,22776.7,23150.0
2025-02-21 13:15:00,376.35,381.0,328.5,350.65,95175,12.591826,1342950,22753.55,23100.0
2025-02-21 13:30:00,350.05,378.9,336.45,358.7,221775,11.78811,1329525,22735.6,23100.0
2025-02-21 13:45:00,356.85,371.25,324.3,345.0,132750,12.168941,1320900,22756.15,23100.0
2025-02-21 14:00:00,342.0,377.85,323.95,360.2,125175,11.224368,132600,22778.9,23150.0
2025-02-21 14:15:00,360.2,364.3,318.0,323.0,93600,10.906817,1267425,22770.8,23100.0
2025-02-21 14:30:00,363.55,363.55,314.45,350.85,140700,10.971059,132000,22787.85,23150.0
2025-02-21 14:45:00,350.85,360.45,317.9,322.65,50625,11.0743,1275375,22772.8,23100.0
2025-02-21 15:00:00,361.9,362.65,346.15,350.45,17025,13.243957,126375,22810.75,23150.0
2025-02-21 15:15:00,350.4,373.4,330.25,342.55,65025,12.680045,1192800,22764.35,23100.0
2025-02-24 09:15:00,299.0,383.0,299.0,336.65,1051650,14.967586,853875,22622.05,22950.0
2025-02-24 09:30:00,380.65,380.65,317.55,324.5,552150,12.382054,2921250,22571.2,22900.0
2025-02-24 09:45:00,368.45,368.45,340.55,349.65,138975,8.232651,788025,22581.65,22950.0
2025-02-24 10:00:00,349.65,361.2,304.5,311.95,297525,8.932749,2654400,22572.15,22900.0
2025-02-24 10:15:00,313.0,356.05,301.8,312.4,339300,6.486061,2612700,22568.05,22900.0
2025-02-24 10:30:00,311.85,353.2,304.05,313.65,251925,0.0,2593275,22554.55,22900.0
2025-02-24 10:45:00,314.75,347.25,296.65,319.5,302550,0.0,2547225,22553.8,22900.0
2025-02-24 11:00:00,317.3,349.1,300.6,313.85,206625,8.105723,2522400,22568.6,22900.0
2025-02-24 11:15:00,315.0,353.6,301.4,302.95,82950,0.0,2526375,22574.25,22900.0
2025-02-24 11:30:00,301.0,350.55,292.95,315.55,113775,0.0,780225,22610.1,22950.0
2025-02-24 11:45:00,314.2,329.9,303.75,327.4,50925,0.0,782850,22590.05,22950.0
2025-02-24 12:00:00,329.0,344.9,296.7,315.1,330600,0.0,2497575,22561.15,22900.0
2025-02-24 12:15:00,315.0,317.55,298.75,305.45,319350,0.0,2412900,22562.6,22900.0
2025-02-24 12:30:00,305.45,342.55,289.15,304.0,183525,0.0,2369025,22564.55,22900.0
2025-02-24 12:45:00,347.8,347.8,294.6,339.7,169050,0.0,785700,22577.1,22950.0
2025-02-24 13:00:00,339.7,340.6,290.7,298.35,45000,0.0,2362050,22572.35,22900.0
2025-02-24 13:15:00,343.3,345.75,291.45,308.95,358275,0.0,2305800,22560.5,22900.0
2025-02-24 13:30:00,309.6,346.95,302.4,335.65,383400,0.0,2271300,22533.45,22900.0
2025-02-24 13:45:00,335.65,341.5,292.8,317.0,298275,0.0,2257875,22546.2,22900.0
2025-02-24 14:00:00,316.45,329.95,311.95,320.45,164400,0.0,2247900,22543.65,22900.0
2025-02-24 14:15:00,322.0,328.85,306.75,319.0,259650,0.0,2226225,22541.85,22900.0
2025-02-24 14:30:00,317.5,317.5,277.2,281.5,298800,0.0,2198400,22572.15,22900.0
2025-02-24 14:45:00,326.15,337.65,280.05,283.85,96900,0.0,2167125,22572.15,22900.0
2025-02-24 15:00:00,329.95,331.5,281.9,301.45,401325,0.0,2103525,22554.4,22900.0
2025-02-24 15:15:00,302.25,313.15,298.3,309.5,315075,0.0,1995075,22549.75,22900.0
2025-02-25 09:15:00,309.0,343.05,306.2,322.05,404925,0.0,1885500,22552.75,22900.0
2025-02-25 09:30:00,321.45,355.0,301.8,336.9,112575,11.638691,643050,22603.85,22950.0
2025-02-25 09:45:00,336.9,347.95,313.35,331.05,38850,10.009791,641325,22607.2,22950.0
2025-02-25 10:00:00,331.05,356.2,331.05,339.45,23850,8.89058,637425,22597.5,22950.0
2025-02-25 10:15:00,339.45,370.0,310.7,367.0,136350,13.556947,637350,22576.15,22950.0
2025-02-25 10:30:00,367.0,369.05,304.8,351.2,62700,0.0,633300,22582.8,22950.0
2025-02-25 10:45:00,351.2,357.45,306.0,323.65,287850,8.57448,1748325,22563.5,22900.0
2025-02-25 11:00:00,323.65,334.0,319.4,321.95,102300,9.757764,1716450,22566.45,22900.0
2025-02-25 11:15:00,322.0,334.05,320.5,332.9,91800,0.0,1690575,22553.0,22900.0
2025-02-25 11:30:00,333.5,339.65,309.45,310.0,164400,0.0,1645200,22568.45,22900.0
2025-02-25 11:45:00,310.0,321.8,308.0,317.4,96300,0.0,1625400,22559.45,22900.0
2025-02-25 12:00:00,317.4,358.0,307.95,311.0,63450,0.0,1625250,22572.65,22900.0
2025-02-25 12:15:00,311.4,358.7,303.1,351.35,21900,0.0,630525,22578.3,22950.0
2025-02-25 12:30:00,351.35,353.3,303.9,307.0,66750,0.0,1600425,22567.65,22900.0
2025-02-25 12:45:00,307.0,352.8,298.0,300.4,28050,0.0,1593150,22574.0,22900.0
2025-02-25 13:00:00,348.0,349.7,299.6,347.0,17025,11.219734,631050,22592.75,22950.0
2025-02-25 13:15:00,347.1,354.8,298.5,348.65,29400,0.0,636300,22577.2,22950.0
2025-02-25 13:30:00,348.65,349.9,333.35,339.05,26550,0.0,628500,22587.15,22950.0
2025-02-25 13:45:00,339.05,353.1,333.75,350.4,14250,0.0,624600,22582.15,22950.0
2025-02-25 14:00:00,350.4,355.0,345.95,352.05,16950,0.0,622800,22582.05,22950.0
2025-02-25 14:15:00,352.05,355.7,303.45,350.75,24675,0.0,622500,22581.7,22950.0
2025-02-25 14:30:00,350.75,351.05,343.0,348.9,9450,0.0,624300,22580.65,22950.0
2025-02-25 14:45:00,348.9,357.5,303.05,305.25,106950,0.0,1499250,22572.15,22900.0
2025-02-25 15:00:00,304.0,319.35,304.0,317.3,165750,0.0,1436025,22552.4,22900.0
2025-02-25 15:15:00,316.25,339.0,284.65,338.75,256575,0.0,1415400,22526.3,22900.0
2025-02-25 15:30:00,335.3,335.3,335.3,335.3,750,0.0,1415400,22526.3,22900.0
2025-02-27 09:15:00,359.4,370.1,307.0,331.05,325575,0.0,1403700,22555.75,22900.0
2025-02-27 09:30:00,331.0,355.15,316.0,341.3,272700,32.909332,1362000,22560.2,22900.0
2025-02-27 09:45:00,342.45,363.0,331.35,351.75,178125,0.0,1314300,22538.4,22900.0
2025-02-27 10:00:00,351.75,362.35,346.55,354.05,122475,0.0,1284150,22542.3,22900.0
2025-02-27 10:15:00,353.3,367.7,351.05,358.0,103200,0.0,1247775,22535.85,22900.0
2025-02-27 10:30:00,358.0,359.1,342.65,344.95,66225,0.0,1231575,22553.4,22900.0
2025-02-27 10:45:00,345.4,348.65,332.3,346.4,148350,0.0,1212900,22549.9,22900.0
2025-02-27 11:00:00,346.4,352.45,341.35,342.75,141825,0.0,1198050,22548.95,22900.0
2025-02-27 11:15:00,340.7,352.4,338.4,351.35,141750,0.0,1164825,22539.85,22900.0
2025-02-27 11:30:00,352.15,363.1,352.0,358.65,121425,0.0,1138350,22531.45,22900.0
2025-02-27 11:45:00,358.65,361.05,309.0,313.35,42600,0.0,534000,22525.0,22850.0
2025-02-27 12:00:00,314.55,365.35,311.6,361.25,60450,0.0,1117725,22526.65,22900.0
2025-02-27 12:15:00,361.25,362.95,354.7,362.35,25275,0.0,1113000,22526.75,22900.0
2025-02-27 12:30:00,362.35,364.65,312.25,360.25,23550,0.0,1104900,22526.8,22900.0
2025-02-27 12:45:00,360.25,360.25,351.8,352.6,66150,0.0,1114950,22534.3,22900.0
2025-02-27 13:00:00,352.6,358.6,350.55,358.6,23625,0.0,1114350,22527.8,22900.0
2025-02-27 13:15:00,358.6,359.75,348.7,352.1,49650,0.0,1093425,22536.6,22900.0
2025-02-27 13:30:00,352.1,355.0,348.4,353.2,48975,0.0,1085025,22538.8,22900.0
2025-02-27 13:45:00,352.8,354.45,350.0,352.7,94200,0.0,1059450,22541.45,22900.0
2025-02-27 14:00:00,352.9,355.1,348.0,351.8,85725,0.0,1047825,22544.1,22900.0
2025-02-27 14:15:00,351.8,351.8,344.0,347.95,61500,0.0,1026900,22550.2,22900.0
2025-02-27 14:30:00,347.95,354.75,345.7,348.65,33300,0.0,1019325,22546.45,22900.0
2025-02-27 14:45:00,350.5,352.35,344.55,347.75,38775,0.0,1009800,22549.25,22900.0
2025-02-27 15:00:00,347.75,352.0,345.2,351.15,125700,0.0,948075,22542.7,22900.0
2025-02-27 15:15:00,351.25,355.8,303.95,305.25,130575,0.0,371400,22510.85,22850.0
