datetime,open,high,low,close,volume,iv,oi,spot,strike
2022-03-02 09:15:00,646.2,686.45,625.0,683.6,16950,24.631396,141950,16666.0996,16400.0
2022-03-02 09:30:00,687.95,688.0,652.5,657.0,14950,24.386626,147550,16631.5996,16400.0
2022-03-02 09:45:00,688.0,694.0,669.95,686.0,700,25.041714,54800,16563.9004,16300.0
2022-03-02 10:00:00,700.0,700.0,654.55,668.95,10000,24.725829,6050,16593.6992,16350.0
2022-03-02 10:15:00,668.95,675.0,668.95,671.4,150,24.222464,6100,16611.3008,16350.0
2022-03-02 10:30:00,695.95,695.95,678.0,680.0,3050,24.979431,67600,16556.8008,16300.0
2022-03-02 10:45:00,676.35,687.05,674.45,682.15,4300,24.458119,74500,16574.25,16300.0
2022-03-02 11:00:00,688.7,688.7,674.7,674.7,3550,24.208658,76800,16569.5996,16300.0
2022-03-02 11:15:00,686.75,687.45,680.8,681.2,1500,24.415451,78150,16574.1504,16300.0
2022-03-02 11:30:00,681.65,685.55,671.0,671.0,2900,24.393988,80800,16559.3008,16300.0
2022-03-02 11:45:00,671.0,700.0,651.15,655.75,3450,24.697553,81250,16527.4492,16300.0
2022-03-02 12:00:00,655.75,662.1,645.0,645.3,1150,24.180438,81450,16525.4004,16300.0
2022-03-02 12:45:00,676.95,676.95,647.0,647.85,150,24.162721,83500,16530.4004,16300.0
2022-03-02 13:00:00,647.85,671.5,647.85,656.0,10950,24.122298,88350,16544.3496,16300.0
2022-03-02 13:15:00,656.0,667.0,635.8,644.3,10200,24.088505,96000,16527.1992,16300.0
2022-03-02 13:30:00,644.3,656.05,644.3,651.75,1350,23.817679,96250,16546.3008,16300.0
2022-03-02 13:45:00,651.75,668.2,651.75,660.45,650,24.35374,96250,16545.5,16300.0
2022-03-02 14:00:00,660.45,660.45,647.0,649.95,950,24.135977,96150,16535.1992,16300.0
2022-03-02 14:15:00,637.0,642.35,637.0,642.35,250,24.06307,96250,16525.3496,16300.0
2022-03-02 14:30:00,646.15,648.75,643.0,648.75,500,23.98392,96000,16537.8008,16300.0
2022-03-02 14:45:00,648.75,682.95,640.75,652.95,1700,24.604487,96000,16527.5996,16300.0
2022-03-02 15:00:00,682.9,686.75,642.05,665.95,600,24.15691,6000,16607.75,16350.0
2022-03-02 15:15:00,631.95,649.95,631.95,638.35,25150,23.671701,223550,16625.8496,16400.0
2022-03-02 15:30:00,637.8,637.8,637.8,637.8,50,23.534735,223550,16628.75,16400.0
2022-03-03 09:15:00,599.95,636.3,595.0,624.2,96500,22.025888,15900,16706.8496,16450.0
2022-03-03 09:30:00,635.7,635.7,618.3,627.05,2500,22.238035,222500,16658.0,16400.0
2022-03-03 09:45:00,627.05,633.65,614.65,623.15,3700,22.00265,221950,16658.3008,16400.0
2022-03-03 10:00:00,623.15,624.95,609.05,623.0,4750,22.643142,220400,16641.5508,16400.0
2022-03-03 10:15:00,623.0,647.0,609.6,645.0,2750,22.822168,5900,16622.75,16350.0
2022-03-03 10:30:00,612.8,626.05,612.8,621.0,1050,22.647798,219900,16638.6504,16400.0
2022-03-03 10:45:00,621.0,662.95,607.15,608.45,250,22.319142,219850,16628.0508,16400.0
2022-03-03 11:00:00,611.1,627.95,611.1,627.95,1850,22.607254,218200,16650.6992,16400.0
2022-03-03 11:15:00,627.95,632.8,620.0,627.9,1800,22.206717,218100,16661.1504,16400.0
2022-03-03 11:30:00,627.9,630.0,619.0,619.0,1450,22.4617,217150,16641.0508,16400.0
2022-03-03 11:45:00,619.0,624.95,608.0,611.5,1050,22.072422,217050,16639.9492,16400.0
2022-03-03 12:00:00,611.5,626.85,610.0,610.05,1100,21.850586,217000,16643.6504,16400.0
2022-03-03 12:15:00,610.05,647.0,600.0,637.0,1150,22.521459,91950,16571.6992,16300.0
2022-03-03 12:30:00,637.0,640.0,618.15,637.45,2300,23.073013,91950,16558.4004,16300.0
2022-03-03 12:45:00,635.8,642.0,616.05,618.0,3150,23.001229,92400,16530.5,16300.0
2022-03-03 13:00:00,606.95,710.0,606.95,636.0,650,22.936307,6750,16512.1504,16250.0
2022-03-03 13:15:00,636.0,645.0,624.0,624.0,900,23.215489,7450,16486.6992,16250.0
2022-03-03 13:30:00,599.75,627.45,599.75,625.0,1300,22.703564,93400,16549.5508,16300.0
2022-03-03 13:45:00,625.0,644.55,625.0,636.95,1600,22.563548,93150,16571.4492,16300.0
2022-03-03 14:00:00,670.0,670.0,641.0,641.0,100,22.911383,8300,16520.9492,16250.0
2022-03-03 14:15:00,641.0,647.0,610.3,621.4,1900,23.14587,96650,16532.9004,16300.0
2022-03-03 14:30:00,621.4,630.5,610.3,614.4,1950,22.692491,95750,16534.1504,16300.0
2022-03-03 14:45:00,614.4,642.0,606.85,608.8,1850,22.703186,96050,16525.3008,16300.0
2022-03-03 15:00:00,641.0,651.0,599.45,612.25,2150,22.880619,97350,16526.1992,16300.0
2022-03-03 15:15:00,612.25,645.15,612.25,633.15,2050,23.246515,8600,16501.1992,16250.0
2022-03-04 09:15:00,635.3,672.0,635.3,654.75,19000,24.573747,530400,16273.1504,16000.0
2022-03-04 09:30:00,654.75,663.95,632.95,652.7,19950,24.397098,541000,16274.5996,16000.0
2022-03-04 09:45:00,652.7,656.65,614.0,646.7,20300,24.54139,547700,16261.9502,16000.0
2022-03-04 10:00:00,646.7,657.0,633.65,636.0,18300,25.278191,549875,16226.5,16000.0
2022-03-04 10:15:00,661.0,661.0,660.0,660.0,300,25.172797,1100,16219.0,15950.0
2022-03-04 10:30:00,668.0,668.0,666.0,667.0,150,25.590671,11550,16171.75,15900.0
2022-03-04 10:45:00,670.8,670.8,646.0,646.0,250,25.088518,11750,16152.2998,15900.0
2022-03-04 11:00:00,646.0,650.8,634.1,648.1,650,24.547413,11750,16169.2998,15900.0
2022-03-04 11:15:00,650.95,650.95,612.0,638.0,450,24.075597,1450,16213.5,15950.0
2022-03-04 11:30:00,616.5,624.5,613.0,619.55,6050,24.369121,565775,16225.4004,16000.0
2022-03-04 11:45:00,619.55,647.9,617.0,645.5,16300,24.362699,557625,16265.9004,16000.0
2022-03-04 12:00:00,645.5,645.5,619.75,637.0,7900,24.313328,554975,16254.25,16000.0
2022-03-04 12:15:00,637.0,648.85,627.2,640.0,9500,24.161265,556525,16262.8496,16000.0
2022-03-04 12:30:00,640.0,640.0,604.05,604.65,4650,23.055237,63100,16332.2002,16100.0
2022-03-04 12:45:00,604.65,646.05,598.2,627.0,16750,23.304843,57550,16360.3496,16100.0
2022-03-04 13:00:00,627.0,643.95,598.05,636.25,2400,23.974921,56500,16357.7998,16100.0
2022-03-04 13:15:00,636.25,639.85,604.1,616.2,7000,23.296858,376450,16439.9492,16200.0
2022-03-04 13:30:00,616.2,645.05,603.5,634.05,54900,23.352583,6050,16418.1992,16150.0
2022-03-04 13:45:00,634.05,634.05,595.25,610.2,8500,23.4085,338650,16428.0996,16200.0
2022-03-04 14:00:00,649.05,655.0,611.35,617.05,2950,23.419364,50450,16343.0,16100.0
2022-03-04 14:15:00,617.05,631.0,608.0,615.35,5200,22.792517,50550,16356.2998,16100.0
2022-03-04 14:30:00,615.35,675.05,584.0,624.05,4350,23.594304,4100,16301.7998,16050.0
2022-03-04 14:45:00,646.35,646.35,629.0,629.0,1950,23.456842,563350,16265.1504,16000.0
2022-03-04 15:00:00,600.0,647.35,592.0,620.0,22550,23.733151,567450,16244.6504,16000.0
2022-03-04 15:15:00,620.0,629.9,607.1,629.9,19300,24.38591,566450,16243.5498,16000.0
2022-03-07 09:15:00,641.95,666.0,619.0,621.0,3650,27.079831,4550,15827.0996,15600.0
2022-03-07 09:45:00,635.0,635.0,635.0,635.0,200,27.263728,1000,15797.3496,15550.0
2022-03-07 10:00:00,635.0,635.0,619.0,619.0,100,26.727428,1200,15785.4004,15550.0
2022-03-07 10:15:00,645.2,646.55,644.25,646.55,600,27.189575,338000,15769.9004,15500.0
2022-03-07 10:30:00,650.2,650.2,626.05,639.4,9400,27.169988,340450,15759.5,15500.0
2022-03-07 10:45:00,639.4,645.0,603.3,621.35,1500,25.954829,10350,15855.5996,15600.0
2022-03-07 11:00:00,621.35,627.4,602.7,627.4,950,26.426864,10300,15854.0498,15600.0
2022-03-07 11:15:00,627.4,650.0,595.75,650.0,350,27.142109,10450,15872.2998,15600.0
2022-03-07 11:30:00,602.65,625.15,602.65,608.8,350,26.229853,82250,15925.3496,15700.0
2022-03-07 11:45:00,625.15,625.15,599.25,610.0,5250,25.877299,81650,15935.9502,15700.0
2022-03-07 12:00:00,609.95,638.0,597.0,625.0,7550,26.686565,1600,15892.5,15650.0
2022-03-07 12:15:00,625.0,639.95,625.0,632.1,100,26.445829,1500,15909.4502,15650.0
2022-03-07 12:30:00,632.1,634.3,632.1,634.3,50,26.300626,1500,15916.4502,15650.0
2022-03-07 12:45:00,601.6,619.85,601.6,612.0,8250,26.312486,79800,15929.2998,15700.0
2022-03-07 13:00:00,599.55,649.05,599.55,611.95,2450,25.468811,8300,15854.0,15600.0
2022-03-07 13:15:00,611.95,623.9,601.0,601.0,1300,25.80785,8400,15829.1504,15600.0
2022-03-07 13:30:00,601.0,622.15,601.0,616.8,1650,25.881526,8500,15852.2002,15600.0
2022-03-07 13:45:00,616.8,616.8,598.3,598.3,300,25.769201,8400,15826.0498,15600.0
2022-03-07 14:00:00,592.15,644.7,592.15,626.0,6100,26.589405,354300,15754.7998,15500.0
2022-03-07 14:15:00,626.3,643.7,611.0,636.05,12550,26.739654,359100,15767.0,15500.0
2022-03-07 14:30:00,610.0,636.95,610.0,636.95,100,26.915713,1850,15812.0996,15550.0
2022-03-07 14:45:00,604.25,636.95,604.25,619.35,2200,26.809568,12050,15835.0498,15600.0
2022-03-07 15:00:00,619.35,641.05,594.0,636.65,7900,26.591017,12400,15867.3496,15600.0
2022-03-07 15:15:00,637.4,637.4,582.65,582.65,800,24.674829,2400,15876.5498,15650.0
2022-03-08 09:15:00,599.0,632.05,566.05,608.0,4450,26.049927,20050,15848.5,15600.0
2022-03-08 09:30:00,614.0,632.35,613.0,632.35,1000,27.790858,2200,15798.4004,15550.0
2022-03-08 09:45:00,624.0,631.0,590.0,604.0,3200,26.317874,22050,15836.4004,15600.0
2022-03-08 10:00:00,604.0,637.0,565.0,599.0,2850,26.335403,2550,15876.0,15650.0
2022-03-08 10:15:00,599.0,637.5,599.0,609.0,2700,26.820784,2650,15880.4502,15650.0
2022-03-08 10:30:00,634.75,636.35,582.0,591.4,9100,25.92741,29300,15826.3496,15600.0
2022-03-08 10:45:00,591.4,627.0,587.1,624.0,6850,26.968213,4650,15805.3496,15550.0
2022-03-08 11:00:00,644.0,644.0,608.0,608.0,1200,26.887543,4700,15782.4502,15550.0
2022-03-08 11:15:00,637.0,637.0,619.05,629.05,5300,27.031734,366900,15764.4502,15500.0
2022-03-08 11:30:00,638.1,638.1,612.1,620.0,4900,26.739989,367450,15757.3496,15500.0
2022-03-08 11:45:00,615.55,618.95,600.0,602.85,7050,26.738185,368700,15730.7002,15500.0
2022-03-08 12:00:00,592.9,610.0,592.9,601.05,8850,26.778586,367950,15727.2002,15500.0
2022-03-08 12:15:00,605.05,631.0,598.3,626.4,8650,27.214035,373400,15756.9502,15500.0
2022-03-08 12:30:00,626.4,658.15,601.0,601.0,1600,26.598933,7950,15683.9502,15450.0
2022-03-08 12:45:00,602.0,602.0,601.0,601.0,250,26.726859,375050,15728.75,15500.0
2022-03-08 13:00:00,605.0,618.0,605.0,611.05,1350,27.035729,373900,15737.6504,15500.0
2022-03-08 13:15:00,611.05,620.1,605.0,608.0,2000,27.221962,375450,15728.5498,15500.0
2022-03-08 13:30:00,603.05,640.2,603.05,640.2,9750,27.528552,377200,15772.0498,15500.0
2022-03-08 13:45:00,555.95,629.15,555.95,606.6,4050,26.731418,59450,15833.7002,15600.0
2022-03-08 14:00:00,606.6,632.3,589.05,622.7,18100,26.762067,62850,15858.2998,15600.0
2022-03-08 14:15:00,625.0,636.55,595.0,636.55,7750,26.999358,64750,15874.4502,15600.0
2022-03-08 14:30:00,570.0,628.0,570.0,608.25,21700,25.781511,343600,15954.4004,15700.0
2022-03-08 14:45:00,608.25,624.7,570.0,595.0,29100,25.376859,17950,15991.2002,15750.0
2022-03-08 15:00:00,602.1,605.9,576.0,605.0,1900,24.808045,17750,16019.75,15750.0
2022-03-08 15:15:00,565.25,603.0,565.2,590.55,7750,23.942372,16750,16017.4004,15750.0
2022-03-09 09:15:00,565.55,602.95,508.7,581.0,43750,23.54765,28350,16119.5996,15850.0
2022-03-09 09:30:00,552.95,586.05,545.2,576.0,19600,23.607072,28250,16110.9004,15850.0
2022-03-09 09:45:00,547.0,592.75,545.65,552.0,12750,23.395319,555350,16127.2002,15900.0
2022-03-09 10:00:00,552.0,599.85,552.0,570.0,147300,23.851737,498500,16144.7002,15900.0
2022-03-09 10:15:00,570.0,582.9,570.0,575.65,16400,23.921171,494700,16151.9502,15900.0
2022-03-09 10:30:00,574.6,576.35,560.05,569.0,15000,23.880856,489750,16142.8496,15900.0
2022-03-09 10:45:00,569.0,579.6,567.4,577.25,12450,23.773339,484850,16158.0,15900.0
2022-03-09 11:00:00,577.25,598.7,555.2,556.7,10550,23.535556,483350,16132.0996,15900.0
2022-03-09 11:15:00,556.7,590.0,551.35,555.95,3500,23.791548,481750,16125.25,15900.0
2022-03-09 11:30:00,553.75,580.35,553.75,575.2,68950,23.68373,472350,16157.4004,15900.0
2022-03-09 11:45:00,575.2,585.0,554.0,564.7,7400,23.456934,27200,16194.7002,15950.0
2022-03-09 12:00:00,564.7,564.7,558.0,558.0,400,23.425287,26850,16185.25,15950.0
2022-03-09 12:15:00,558.0,578.0,545.55,552.95,19300,22.910655,1513675,16237.4502,16000.0
2022-03-09 12:30:00,551.3,562.0,540.95,557.45,87700,22.721263,1502375,16248.7002,16000.0
2022-03-09 12:45:00,557.45,581.85,540.0,556.55,24800,22.929346,46800,16290.9502,16050.0
2022-03-09 13:00:00,556.55,565.0,556.55,565.0,750,22.411731,46800,16315.3496,16050.0
2022-03-09 13:15:00,565.0,565.0,540.8,544.95,750,22.645793,46650,16279.9502,16050.0
2022-03-09 13:30:00,587.0,587.0,525.0,570.6,23100,23.242107,43750,16305.7998,16050.0
2022-03-09 13:45:00,534.45,555.15,534.45,550.35,8650,22.469203,265050,16340.6504,16100.0
2022-03-09 14:00:00,550.35,560.0,542.75,550.05,13900,22.49846,262150,16339.7002,16100.0
2022-03-09 14:15:00,550.05,575.25,537.05,539.05,34900,22.150246,30750,16379.0996,16150.0
2022-03-09 14:30:00,539.05,576.6,539.05,565.15,7450,22.361261,249300,16365.8496,16100.0
2022-03-09 14:45:00,565.15,577.9,533.25,573.25,8300,22.674095,241000,16371.2998,16100.0
2022-03-09 15:00:00,570.8,573.05,551.1,571.0,35250,23.504003,234800,16349.6504,16100.0
2022-03-09 15:15:00,571.0,580.0,559.85,580.0,21400,23.350572,221950,16366.9004,16100.0
2022-03-10 09:15:00,500.05,546.7,477.9,512.65,102800,19.732031,434000,16646.0,16400.0
2022-03-10 09:30:00,512.65,536.8,502.95,536.5,44700,20.58079,24050,16614.9004,16350.0
2022-03-10 09:45:00,499.0,537.1,497.05,510.65,14900,19.800544,32850,16690.3008,16450.0
2022-03-10 10:00:00,510.65,530.6,493.6,521.25,22650,19.535941,32600,16711.6504,16450.0
2022-03-10 10:15:00,521.25,532.8,496.0,513.75,69750,19.556844,1553150,16748.8496,16500.0
2022-03-10 10:30:00,514.75,536.2,500.05,532.45,52750,20.095757,32650,16716.5996,16450.0
2022-03-10 10:45:00,532.45,532.45,527.1,530.95,150,20.013983,32500,16716.25,16450.0
2022-03-10 11:00:00,499.0,536.65,498.25,510.95,53200,19.801684,1529300,16739.9004,16500.0
2022-03-10 11:15:00,510.95,538.15,506.05,532.4,50000,20.037765,32450,16718.1992,16450.0
2022-03-10 11:30:00,532.4,532.4,524.75,528.8,250,20.050452,32450,16712.8008,16450.0
2022-03-10 11:45:00,506.0,538.75,504.3,533.45,4950,20.498605,32300,16710.25,16450.0
2022-03-10 12:00:00,533.45,533.45,524.6,524.6,250,20.699607,32150,16692.9492,16450.0
2022-03-10 12:15:00,524.6,534.0,517.0,533.75,1700,20.993719,31950,16700.4004,16450.0
2022-03-10 12:30:00,533.75,559.8,512.7,532.35,5850,21.048612,385750,16648.9492,16400.0
2022-03-10 12:45:00,532.35,559.05,518.3,536.95,9400,20.900284,385650,16659.1504,16400.0
2022-03-10 13:00:00,536.95,555.55,513.0,531.65,6200,21.786828,383850,16631.9492,16400.0
2022-03-10 13:15:00,531.65,557.5,531.65,548.0,5700,21.901185,384650,16654.3008,16400.0
2022-03-10 13:30:00,548.0,564.15,529.95,547.0,4000,22.229408,28400,16597.5,16350.0
2022-03-10 13:45:00,548.3,579.35,535.2,538.65,12750,22.309458,357400,16535.0,16300.0
2022-03-10 14:00:00,573.4,584.45,544.0,561.75,1350,23.507029,27200,16495.5,16250.0
2022-03-10 14:15:00,561.75,575.85,550.7,554.45,1250,22.756612,27100,16501.25,16250.0
2022-03-10 14:30:00,521.0,566.65,521.0,542.9,8300,22.121205,28850,16594.3496,16350.0
2022-03-10 14:45:00,569.8,581.8,539.7,566.1,4250,22.898965,356550,16564.25,16300.0
2022-03-10 15:00:00,534.15,565.75,521.95,557.9,5500,22.19394,27950,16615.6504,16350.0
2022-03-10 15:15:00,557.9,559.5,529.55,549.45,11950,21.790464,359200,16563.5996,16300.0
2022-03-10 15:30:00,535.45,535.45,535.45,535.45,150,20.812585,359200,16563.5996,16300.0
2022-03-11 09:15:00,537.05,555.35,510.05,538.0,24400,21.292843,27350,16616.9492,16350.0
2022-03-11 09:30:00,521.8,558.85,517.85,537.75,39600,22.318104,376550,16643.25,16400.0
2022-03-11 09:45:00,537.75,561.7,525.55,551.8,16350,22.168227,373100,16667.75,16400.0
2022-03-11 10:00:00,551.8,560.5,521.1,538.2,4650,22.447671,370750,16641.4492,16400.0
2022-03-11 10:15:00,538.2,575.0,525.35,547.95,7100,22.547133,27100,16605.9492,16350.0
2022-03-11 10:30:00,547.95,570.0,528.95,560.1,7200,22.679654,336350,16573.25,16300.0
2022-03-11 10:45:00,514.35,562.0,514.35,553.0,900,22.385464,27750,16617.3008,16350.0
2022-03-11 11:00:00,553.0,565.0,553.0,557.35,1550,22.71815,27200,16616.9004,16350.0
2022-03-11 11:15:00,557.35,557.95,546.0,555.95,300,22.770967,27100,16613.8008,16350.0
2022-03-11 11:30:00,527.15,547.75,527.15,536.45,3650,22.239422,363000,16644.3496,16400.0
2022-03-11 11:45:00,536.45,551.05,525.0,536.0,8800,22.600949,360800,16635.9492,16400.0
2022-03-11 12:00:00,536.0,564.0,518.4,535.0,4100,22.344974,360100,16640.1992,16400.0
2022-03-11 12:15:00,535.0,547.65,528.45,528.45,3550,22.485153,358500,16627.3008,16400.0
2022-03-11 12:30:00,525.0,553.4,525.0,538.7,9950,22.294018,351750,16647.25,16400.0
2022-03-11 12:45:00,538.7,570.85,536.45,550.0,1200,22.83405,26800,16604.5508,16350.0
2022-03-11 13:00:00,550.0,558.8,524.0,547.95,1350,22.533339,26750,16608.0996,16350.0
2022-03-11 13:15:00,547.95,552.2,533.5,552.2,550,22.170363,26850,16622.3008,16350.0
2022-03-11 13:30:00,552.2,562.95,528.7,538.0,8650,22.793697,26200,16587.75,16350.0
2022-03-11 13:45:00,561.1,561.1,519.9,549.45,2850,22.516357,22700,16611.1992,16350.0
2022-03-11 14:00:00,549.45,558.6,549.45,558.6,50,22.870764,22600,16617.5996,16350.0
2022-03-11 14:15:00,558.6,560.0,521.0,523.8,2200,22.257005,353950,16626.5508,16400.0
2022-03-11 14:30:00,560.95,560.95,521.15,534.8,1850,22.471806,351450,16638.8496,16400.0
2022-03-11 14:45:00,533.55,570.55,523.0,558.05,13550,22.581423,22500,16623.4004,16350.0
2022-03-11 15:00:00,518.05,540.55,518.05,521.25,5850,22.072156,348050,16627.25,16400.0
2022-03-11 15:15:00,519.0,557.75,519.0,523.95,10050,22.288508,344800,16626.8008,16400.0
2022-03-14 09:15:00,510.05,550.0,500.0,535.4,6200,24.008573,346300,16656.0,16400.0
2022-03-14 09:30:00,534.2,548.25,499.95,522.25,17200,24.234594,345450,16631.5,16400.0
2022-03-14 09:45:00,566.05,566.05,514.45,545.8,5250,23.91712,346200,16673.8496,16400.0
2022-03-14 10:00:00,516.85,550.5,514.1,514.15,2200,23.573826,27300,16681.3008,16450.0
2022-03-14 10:15:00,549.5,549.5,531.8,534.7,4400,23.637435,345550,16663.0996,16400.0
2022-03-14 10:30:00,534.7,547.0,511.05,522.45,700,23.695626,27000,16691.8496,16450.0
2022-03-14 10:45:00,522.45,531.85,522.45,531.85,100,23.638429,26950,16707.5,16450.0
2022-03-14 11:00:00,531.85,538.45,505.25,510.1,4400,23.53011,1598700,16725.0508,16500.0
2022-03-14 11:15:00,508.75,542.95,508.7,530.95,40150,23.753757,1587050,16752.5508,16500.0
2022-03-14 11:30:00,530.0,540.0,515.0,528.45,34950,23.8227,1584400,16747.5508,16500.0
2022-03-14 11:45:00,528.45,541.6,520.45,535.45,38000,24.231151,1585250,16750.0996,16500.0
2022-03-14 12:00:00,534.7,541.0,522.3,525.0,19450,24.385032,1584800,16731.0996,16500.0
2022-03-14 12:15:00,523.2,532.1,516.55,531.4,44250,24.015773,1593500,16748.6992,16500.0
2022-03-14 12:30:00,531.4,549.95,528.8,536.0,35300,23.882907,1586900,16758.5508,16500.0
2022-03-14 12:45:00,536.0,554.3,507.95,548.0,16100,24.22509,1584850,16770.0,16500.0
2022-03-14 13:00:00,548.0,553.0,513.95,524.7,6650,24.343241,46600,16780.5508,16550.0
2022-03-14 13:15:00,524.7,551.1,517.0,548.15,10050,24.011591,1580100,16774.8008,16500.0
2022-03-14 13:30:00,548.15,551.25,507.75,525.9,5050,24.057493,46700,16788.6992,16550.0
2022-03-14 13:45:00,525.9,528.7,523.95,523.95,300,23.534725,46650,16796.5508,16550.0
2022-03-14 14:00:00,523.95,535.05,520.8,535.05,250,23.817303,46650,16807.9004,16550.0
2022-03-14 14:15:00,535.05,547.0,510.55,542.95,30000,24.3663,676950,16857.3008,16600.0
2022-03-14 14:30:00,542.95,549.45,532.45,541.0,28800,23.994917,670950,16862.0508,16600.0
2022-03-14 14:45:00,541.0,554.15,514.25,518.65,22850,23.980398,44400,16876.6992,16650.0
2022-03-14 15:00:00,518.65,554.0,510.8,545.9,22900,23.822251,658300,16873.25,16600.0
2022-03-14 15:15:00,543.65,544.0,503.2,520.0,48200,23.632349,37000,16886.4004,16650.0
2022-03-15 09:15:00,528.05,539.0,489.0,513.0,7600,22.886686,36000,16904.5508,16650.0
2022-03-15 09:30:00,513.0,544.45,508.0,520.0,13000,23.972559,629250,16845.5508,16600.0
2022-03-15 09:45:00,520.0,548.0,501.95,534.7,5050,23.875264,45050,16821.4492,16550.0
2022-03-15 10:00:00,503.85,540.9,497.5,532.1,12300,24.12642,625850,16861.25,16600.0
2022-03-15 10:15:00,532.1,540.0,501.95,513.1,9500,23.660735,34600,16890.1992,16650.0
2022-03-15 10:30:00,513.1,545.9,503.8,531.0,3700,23.775869,621250,16866.8008,16600.0
2022-03-15 10:45:00,533.0,534.9,514.45,517.0,4300,24.220311,622350,16837.0,16600.0
2022-03-15 11:00:00,517.0,530.2,513.0,525.95,4450,23.770908,622100,16859.6992,16600.0
2022-03-15 11:15:00,525.95,526.2,510.45,525.15,6400,24.152953,621750,16851.1992,16600.0
2022-03-15 11:30:00,525.15,525.15,509.0,519.9,3150,23.883412,622450,16848.6992,16600.0
2022-03-15 11:45:00,519.9,538.6,518.2,538.6,4300,24.135475,620450,16872.1992,16600.0
2022-03-15 12:00:00,501.05,540.4,501.05,533.0,1150,23.738386,619400,16871.6504,16600.0
2022-03-15 12:15:00,541.85,541.85,520.1,530.0,2350,23.820994,618200,16865.8008,16600.0
2022-03-15 12:30:00,530.0,549.45,506.95,540.25,13250,24.488675,1435750,16771.6992,16500.0
2022-03-15 12:45:00,541.35,548.15,497.5,535.0,23900,24.458917,1427250,16764.5996,16500.0
2022-03-15 13:00:00,532.05,534.0,512.3,518.3,30850,24.602473,1427850,16736.5508,16500.0
2022-03-15 13:15:00,554.1,554.1,531.2,531.2,50,24.831328,23600,16703.5508,16450.0
2022-03-15 13:30:00,509.35,550.9,509.35,515.65,11400,24.837868,1425850,16728.0996,16500.0
2022-03-15 13:45:00,550.9,565.5,531.0,537.85,850,25.076842,321000,16661.0508,16400.0
2022-03-15 14:00:00,533.1,536.05,519.05,536.05,2150,25.332652,320150,16653.5,16400.0
2022-03-15 14:15:00,561.3,562.35,533.7,547.6,1200,25.568394,315750,16570.0996,16300.0
2022-03-15 14:30:00,567.5,567.5,560.05,564.15,250,26.800665,314700,16571.5508,16300.0
2022-03-15 14:45:00,520.7,538.45,519.65,534.65,7900,24.827098,323300,16661.8008,16400.0
2022-03-15 15:00:00,503.0,557.6,503.0,553.95,3400,26.023561,322100,16668.0996,16400.0
2022-03-15 15:15:00,553.95,555.25,525.2,532.0,4950,25.502243,321050,16645.0,16400.0
2022-03-16 09:15:00,492.0,520.7,479.95,495.0,43100,23.693405,1137000,16928.8008,16700.0
2022-03-16 09:30:00,495.0,533.3,492.45,520.15,49850,24.04656,37800,16911.9492,16650.0
2022-03-16 09:45:00,520.15,525.0,501.0,503.45,3100,23.904495,35150,16889.5996,16650.0
2022-03-16 10:00:00,503.45,536.2,494.05,516.2,14800,24.22438,690800,16854.5996,16600.0
2022-03-16 10:15:00,516.2,535.0,491.7,523.45,13800,24.379366,694450,16862.8008,16600.0
2022-03-16 10:30:00,523.45,534.25,492.0,501.75,8150,23.941689,34350,16886.9004,16650.0
2022-03-16 10:45:00,501.75,514.0,500.1,500.1,1050,23.990939,34150,16883.5996,16650.0
2022-03-16 11:00:00,500.1,535.25,493.55,498.05,2250,24.0838,33900,16878.8496,16650.0
2022-03-16 11:15:00,498.05,512.55,498.05,510.05,550,24.246614,33900,16894.25,16650.0
2022-03-16 11:30:00,510.05,525.55,510.0,524.85,750,24.507875,33600,16911.9004,16650.0
2022-03-16 11:45:00,524.85,530.0,514.9,520.0,15100,24.18168,39500,16910.9492,16650.0
2022-03-16 12:00:00,516.05,518.5,505.5,518.5,7550,23.992017,43500,16912.5,16650.0
2022-03-16 12:15:00,518.5,529.45,517.75,517.75,800,24.179386,43050,16908.0508,16650.0
2022-03-16 12:30:00,517.75,525.0,510.05,523.15,850,24.075765,42750,16918.3008,16650.0
2022-03-16 12:45:00,491.1,534.7,491.1,518.15,28450,24.364916,42400,16905.5,16650.0
2022-03-16 13:00:00,518.15,534.9,500.35,524.55,1950,24.442991,671350,16865.5,16600.0
2022-03-16 13:15:00,524.55,532.05,492.9,510.7,4100,24.017586,41700,16901.25,16650.0
2022-03-16 13:30:00,510.7,519.05,509.0,513.7,250,24.029196,41550,16905.75,16650.0
2022-03-16 13:45:00,513.7,518.05,508.85,515.0,1000,24.422782,41600,16900.4492,16650.0
2022-03-16 14:00:00,515.0,515.0,498.55,504.1,500,24.385224,40750,16884.75,16650.0
2022-03-16 14:15:00,504.1,520.0,500.95,518.65,350,24.411421,40550,16906.6504,16650.0
2022-03-16 14:30:00,518.65,529.0,509.0,516.35,650,24.223139,40350,16906.9492,16650.0
2022-03-16 14:45:00,516.35,530.0,494.8,505.6,30450,24.426665,1133550,16935.3008,16700.0
2022-03-16 15:00:00,505.7,536.0,484.0,490.85,87750,23.54674,105750,16978.4492,16750.0
2022-03-16 15:15:00,490.85,524.8,478.9,522.65,37350,24.176954,1034100,16966.3496,16700.0
2022-03-17 09:15:00,425.0,472.0,425.0,451.8,22800,20.543999,83450,17184.5508,16950.0
2022-03-17 09:30:00,452.0,462.45,446.85,456.6,3250,20.039221,82700,17200.75,16950.0
2022-03-17 09:45:00,457.45,469.5,433.2,446.95,53550,19.740321,1938175,17240.9004,17000.0
2022-03-17 10:00:00,448.0,469.45,447.1,469.45,213150,20.182471,1936525,17266.0,17000.0
2022-03-17 10:15:00,469.9,481.45,436.0,463.8,134250,20.13134,1935875,17258.9004,17000.0
2022-03-17 10:30:00,463.5,471.8,456.1,469.5,85050,20.345936,1932025,17263.5996,17000.0
2022-03-17 10:45:00,469.5,474.0,458.05,465.45,75050,20.014495,1919625,17263.6504,17000.0
2022-03-17 11:00:00,465.45,467.3,458.85,465.85,49600,20.133633,1919225,17262.3496,17000.0
2022-03-17 11:15:00,465.85,468.85,431.5,433.85,48600,19.441698,16850,17276.8496,17050.0
2022-03-17 11:30:00,433.85,456.65,433.85,453.55,650,20.504628,16800,17286.9492,17050.0
2022-03-17 11:45:00,453.55,467.4,452.5,466.3,1050,20.722611,16850,17301.9492,17050.0
2022-03-17 12:00:00,466.3,487.4,441.1,452.0,7600,20.43831,16150,17286.1992,17050.0
2022-03-17 12:15:00,452.0,471.95,444.05,471.95,3200,20.974616,16150,17306.1504,17050.0
2022-03-17 12:30:00,473.15,486.35,448.7,482.2,9400,20.919915,15950,17322.1992,17050.0
2022-03-17 12:45:00,482.2,482.2,450.4,470.8,1200,21.051778,15950,17303.4492,17050.0
2022-03-17 13:00:00,474.0,474.0,461.45,467.35,600,20.848818,16050,17302.1992,17050.0
2022-03-17 13:15:00,467.35,472.4,462.0,462.55,350,21.193363,16050,17289.0996,17050.0
2022-03-17 13:30:00,462.55,469.9,462.55,469.65,350,21.526473,16100,17293.75,17050.0
2022-03-17 13:45:00,469.65,486.7,458.35,485.65,1400,21.863184,16450,17311.5508,17050.0
2022-03-17 14:00:00,485.65,506.85,458.3,485.8,30150,21.83876,16450,17312.4004,17050.0
2022-03-17 14:15:00,485.8,487.3,478.0,487.3,300,21.670112,16350,17317.6992,17050.0
2022-03-17 14:30:00,456.35,489.5,453.8,489.5,11450,21.744768,16350,17319.8496,17050.0
2022-03-17 14:45:00,489.5,489.5,465.1,484.65,650,21.518846,16500,17316.9492,17050.0
2022-03-17 15:00:00,484.65,499.7,457.05,492.9,13300,21.951094,1888375,17272.9004,17000.0
2022-03-17 15:15:00,456.35,482.0,456.35,466.65,2550,21.042037,15450,17299.4004,17050.0
2022-03-21 09:15:00,438.2,507.6,436.55,446.95,27550,24.826095,467900,17332.0996,17100.0
2022-03-21 09:30:00,475.1,493.9,451.05,451.05,3650,25.631456,15450,17276.8008,17050.0
2022-03-21 09:45:00,485.5,492.85,451.05,456.05,51550,25.477772,1838475,17238.5508,17000.0
2022-03-21 10:00:00,456.05,473.7,449.15,450.0,40750,25.314445,1844925,17232.25,17000.0
2022-03-21 10:15:00,450.0,454.05,437.9,453.95,33850,25.156638,1836525,17241.0,17000.0
2022-03-21 10:30:00,453.95,492.0,437.0,452.85,16250,25.394456,1825575,17235.8008,17000.0
2022-03-21 10:45:00,453.65,464.45,442.5,464.0,32750,25.288667,1819325,17254.5,17000.0
2022-03-21 11:00:00,464.0,474.95,458.0,458.0,37150,24.877253,1814725,17252.1992,17000.0
2022-03-21 11:15:00,458.0,473.8,454.0,470.8,14700,25.194709,1813575,17266.5508,17000.0
2022-03-21 11:30:00,472.0,480.65,463.15,468.0,14550,25.476056,1811125,17258.3008,17000.0
2022-03-21 11:45:00,468.0,468.0,452.05,454.15,19200,25.697584,1812975,17234.1992,17000.0
2022-03-21 12:00:00,454.15,490.0,450.0,480.0,20900,25.662324,48600,17225.0,16950.0
2022-03-21 12:15:00,480.0,485.0,445.75,485.0,16150,26.265202,48800,17223.4492,16950.0
2022-03-21 12:30:00,485.0,492.4,452.6,485.95,4400,27.135941,480100,17163.0,16900.0
2022-03-21 12:45:00,485.95,489.45,467.4,468.65,4300,26.320375,480600,17150.0,16900.0
2022-03-21 13:00:00,468.65,472.75,458.95,462.3,6050,26.714277,479200,17134.3496,16900.0
2022-03-21 13:15:00,462.3,507.95,454.5,454.5,10550,26.466872,482200,17126.6504,16900.0
2022-03-21 13:30:00,454.5,487.0,454.5,475.0,5750,26.6639,480650,17154.9492,16900.0
2022-03-21 13:45:00,475.0,478.85,468.05,468.05,1250,26.965286,480400,17139.9004,16900.0
2022-03-21 14:00:00,468.05,494.5,468.05,488.5,6000,26.975362,480950,17170.9004,16900.0
2022-03-21 14:15:00,488.5,493.65,464.0,473.35,5200,26.9951,482550,17148.0508,16900.0
2022-03-21 14:30:00,473.35,499.5,451.3,495.0,3150,27.660803,38250,17121.9492,16850.0
2022-03-21 14:45:00,495.0,495.0,455.0,485.0,750,27.341234,38200,17112.0996,16850.0
2022-03-21 15:00:00,455.8,485.0,454.5,461.3,1050,27.238164,481900,17126.5,16900.0
2022-03-21 15:15:00,461.5,497.2,458.75,497.2,4800,28.445278,38250,17113.8496,16850.0
2022-03-22 09:15:00,378.15,493.6,378.15,481.9,8400,28.197401,759450,17066.1992,16800.0
2022-03-22 09:30:00,483.0,492.0,443.05,481.0,9450,27.939172,756350,17068.9492,16800.0
2022-03-22 09:45:00,481.0,492.0,463.55,476.3,10300,28.402984,758050,17055.25,16800.0
2022-03-22 10:00:00,476.3,488.85,465.0,469.95,3700,29.075437,755550,17035.5508,16800.0
2022-03-22 10:15:00,469.95,477.75,460.0,476.0,13000,28.602098,758750,17052.3496,16800.0
2022-03-22 10:30:00,476.0,505.6,460.0,489.3,2000,29.128028,43600,17016.3008,16750.0
2022-03-22 10:45:00,489.3,489.45,455.6,462.95,3750,28.532712,760800,17034.0508,16800.0
2022-03-22 11:00:00,462.95,484.7,462.95,483.75,7150,28.804322,760200,17061.9492,16800.0
2022-03-22 11:15:00,483.75,495.0,452.6,492.0,2750,28.797308,759950,17074.6992,16800.0
2022-03-22 11:30:00,490.95,490.95,472.8,483.6,4100,28.606495,760250,17065.25,16800.0
2022-03-22 11:45:00,483.6,483.6,464.1,466.0,2650,29.193976,759500,17029.6992,16800.0
2022-03-22 12:00:00,500.0,500.0,457.9,464.0,3350,28.896065,759800,17031.5508,16800.0
2022-03-22 12:15:00,464.0,480.0,464.0,477.95,5450,28.552139,757150,17058.4004,16800.0
2022-03-22 12:30:00,477.95,482.15,431.85,465.05,19750,28.400826,493600,17138.5508,16900.0
2022-03-22 12:45:00,465.05,485.7,461.15,483.9,21600,28.713232,489500,17162.8008,16900.0
2022-03-22 13:00:00,453.3,484.0,442.15,453.0,35200,27.548618,1876775,17231.0,17000.0
2022-03-22 13:15:00,453.4,464.9,447.0,456.1,88250,27.074816,1855875,17243.25,17000.0
2022-03-22 13:30:00,456.1,484.7,454.4,480.6,122650,27.600956,1829625,17272.5,17000.0
2022-03-22 13:45:00,480.6,483.95,439.0,461.0,22750,26.333797,30650,17310.9004,17050.0
2022-03-22 14:00:00,461.0,469.55,438.3,449.75,3750,26.399736,29350,17293.3496,17050.0
2022-03-22 14:15:00,449.75,476.85,441.0,461.0,55050,26.521061,1749575,17259.9492,17000.0
2022-03-22 14:30:00,461.0,478.0,440.0,447.3,68900,27.093886,27650,17279.6504,17050.0
2022-03-22 14:45:00,450.4,476.75,434.9,444.3,31500,26.20598,26900,17288.8008,17050.0
2022-03-22 15:00:00,444.3,461.45,444.3,461.0,5200,25.974428,25700,17317.4492,17050.0
2022-03-22 15:15:00,461.0,463.1,424.05,430.8,115100,25.473791,610650,17328.75,17100.0
2022-03-23 09:15:00,393.75,433.0,385.5,398.0,65900,23.23795,65450,17379.6504,17150.0
2022-03-23 09:30:00,398.0,438.0,389.5,426.7,8450,23.523509,569750,17368.75,17100.0
2022-03-23 09:45:00,426.7,440.2,390.35,424.35,71600,23.437256,546950,17366.75,17100.0
2022-03-23 10:00:00,424.7,432.8,406.35,419.9,84200,23.464667,523250,17360.25,17100.0
2022-03-23 10:15:00,420.85,443.9,400.4,432.8,52000,24.594358,21900,17315.25,17050.0
2022-03-23 10:30:00,432.8,437.25,398.0,407.25,48200,24.019466,516150,17334.8496,17100.0
2022-03-23 10:45:00,408.35,430.6,408.35,429.05,9850,23.464052,514700,17374.0508,17100.0
2022-03-23 11:00:00,390.95,451.1,390.95,430.4,11650,23.981842,21700,17320.5508,17050.0
2022-03-23 11:15:00,400.3,415.9,400.3,414.55,12050,24.030445,513750,17346.1992,17100.0
2022-03-23 11:30:00,414.55,418.0,400.4,405.5,6250,24.411022,512950,17327.8496,17100.0
2022-03-23 11:45:00,405.0,443.2,398.85,414.75,14200,24.179283,21950,17296.0508,17050.0
2022-03-23 12:00:00,414.75,443.0,392.45,408.95,66000,24.452088,21900,17284.0508,17050.0
2022-03-23 12:15:00,405.3,448.9,398.5,439.6,26200,25.198191,1471875,17270.25,17000.0
2022-03-23 12:30:00,439.6,439.6,404.2,410.2,50850,25.252129,1465675,17226.4492,17000.0
2022-03-23 12:45:00,410.2,428.05,410.2,422.45,55500,25.880205,1474975,17236.3008,17000.0
2022-03-23 13:00:00,422.45,448.3,415.85,437.2,36600,25.784126,1476375,17259.75,17000.0
2022-03-23 13:15:00,437.2,447.2,408.85,410.15,21000,24.995273,22800,17279.6504,17050.0
2022-03-23 13:30:00,411.0,447.0,411.0,428.2,21000,25.484746,1473075,17251.0996,17000.0
2022-03-23 13:45:00,428.2,429.85,408.0,417.0,35800,25.59732,1474525,17233.1992,17000.0
2022-03-23 14:00:00,416.3,442.85,415.0,426.6,43100,25.531282,1471075,17248.6504,17000.0
2022-03-23 14:15:00,426.6,450.75,408.5,408.5,27900,25.136701,23300,17276.3008,17050.0
2022-03-23 14:30:00,408.5,452.4,408.5,432.0,14800,25.327832,1468425,17259.8496,17000.0
2022-03-23 14:45:00,432.0,447.45,424.0,438.1,25300,25.626884,1466475,17265.0508,17000.0
2022-03-23 15:00:00,438.1,449.95,422.0,433.75,60500,25.918327,1478275,17255.0508,17000.0
2022-03-23 15:15:00,432.55,452.05,412.25,451.35,64450,26.57098,41350,17223.5508,16950.0
2022-03-24 09:15:00,451.2,451.2,384.5,408.8,18300,25.103976,42150,17200.1504,16950.0
2022-03-24 09:30:00,407.55,424.95,402.05,424.95,400,26.009049,42000,17212.5996,16950.0
2022-03-24 09:45:00,424.95,433.4,394.2,419.05,73200,25.663028,1538225,17257.5996,17000.0
2022-03-24 10:00:00,418.55,424.55,398.05,414.85,69150,25.372396,1528575,17255.4004,17000.0
2022-03-24 10:15:00,414.85,428.05,391.0,423.55,32550,26.035333,41500,17211.0996,16950.0
2022-03-24 10:30:00,423.55,434.55,390.3,434.55,16700,26.2766,41450,17224.25,16950.0
2022-03-24 10:45:00,390.1,405.9,390.1,400.6,31800,25.994151,1512625,17227.3008,17000.0
2022-03-24 11:00:00,400.6,437.95,398.55,429.85,103350,25.751206,1506075,17273.5,17000.0
2022-03-24 11:15:00,430.4,434.15,384.0,395.0,52900,25.329334,25700,17277.0996,17050.0
2022-03-24 11:30:00,395.0,432.9,390.65,421.1,11800,24.961297,1490175,17271.0508,17000.0
2022-03-24 11:45:00,421.1,438.1,385.2,392.0,92600,24.675251,1483075,17232.6992,17000.0
2022-03-24 12:00:00,392.0,432.1,388.0,410.05,10500,24.323723,41300,17214.3008,16950.0
2022-03-24 12:15:00,430.05,430.05,383.25,408.9,9150,25.293008,391150,17152.25,16900.0
2022-03-24 12:30:00,408.8,425.5,387.55,389.6,6000,24.66782,41800,17181.0996,16950.0
2022-03-24 12:45:00,425.0,426.35,387.9,419.0,3300,24.903104,389650,17172.0,16900.0
2022-03-24 13:00:00,419.0,422.6,384.35,402.5,2400,24.575646,389500,17152.5508,16900.0
2022-03-24 13:15:00,402.5,418.0,377.8,412.7,2450,24.728919,41500,17214.6504,16950.0
2022-03-24 13:30:00,412.7,416.5,387.0,387.0,950,24.016505,42000,17186.5,16950.0
2022-03-24 13:45:00,387.0,419.05,382.45,384.55,2200,24.241603,42250,17180.4004,16950.0
2022-03-24 14:00:00,384.55,421.8,378.3,382.4,8250,24.357291,1468075,17225.0508,17000.0
2022-03-24 14:15:00,419.85,423.3,380.05,387.55,43300,23.827988,1458325,17239.4492,17000.0
2022-03-24 14:30:00,387.55,393.35,373.2,378.4,90250,23.829569,1455325,17226.3496,17000.0
2022-03-24 14:45:00,375.6,424.65,374.15,382.7,69650,24.064782,1460725,17230.0,17000.0
2022-03-24 15:00:00,382.7,403.55,366.3,403.55,137050,22.876036,42550,17224.9004,16950.0
2022-03-24 15:15:00,365.15,403.55,362.25,379.05,21950,22.305929,42400,17197.3008,16950.0
2022-03-25 09:15:00,380.0,395.9,346.9,363.7,159200,22.469172,46700,17191.4492,16950.0
2022-03-25 09:30:00,363.7,371.2,347.05,367.6,13150,22.037372,49950,17201.75,16950.0
2022-03-25 09:45:00,367.6,386.9,336.95,348.85,96550,21.454675,1564975,17231.25,17000.0
2022-03-25 10:00:00,348.85,386.0,345.0,363.2,98200,22.478153,52100,17191.4004,16950.0
2022-03-25 10:15:00,363.2,363.5,351.2,360.05,14950,21.934651,54850,17193.0508,16950.0
2022-03-25 10:30:00,360.05,388.15,343.85,360.75,8850,21.865501,56850,17195.0,16950.0
2022-03-25 10:45:00,360.75,365.0,352.0,352.0,2550,21.790241,56550,17183.8008,16950.0
2022-03-25 11:00:00,352.0,386.8,341.6,350.85,8200,21.851583,57200,17181.75,16950.0
2022-03-25 11:15:00,350.85,356.3,344.7,354.75,1750,21.679845,57600,17189.3008,16950.0
2022-03-25 11:30:00,354.75,360.9,344.4,358.2,2350,22.057338,57750,17190.3496,16950.0
2022-03-25 11:45:00,358.2,358.65,346.6,346.6,1300,20.939141,58400,17186.1992,16950.0
2022-03-25 12:00:00,391.0,391.0,340.1,345.0,56450,21.779105,424950,17126.0508,16900.0
2022-03-25 12:15:00,345.0,358.25,340.0,351.65,22150,21.537563,426750,17138.1992,16900.0
2022-03-25 12:30:00,351.65,370.45,347.85,367.0,25600,21.652767,429800,17158.4492,16900.0
2022-03-25 12:45:00,366.45,366.9,351.4,352.25,14650,21.938482,432650,17135.3008,16900.0
2022-03-25 13:00:00,352.25,387.15,345.95,357.2,19500,21.694465,432550,17145.0,16900.0
2022-03-25 13:15:00,357.2,358.4,343.95,351.6,11200,21.742231,432850,17136.9492,16900.0
2022-03-25 13:30:00,350.5,384.5,344.0,362.05,10650,20.909053,43550,17110.6504,16850.0
2022-03-25 13:45:00,362.05,372.2,351.2,361.5,8150,21.702252,47650,17102.3008,16850.0
2022-03-25 14:00:00,361.5,368.9,346.95,360.95,4000,21.713535,48300,17101.6504,16850.0
2022-03-25 14:15:00,360.95,378.7,337.2,349.75,32950,21.203918,449650,17140.9004,16900.0
2022-03-25 14:30:00,352.25,376.75,337.9,365.75,22250,21.409589,47500,17111.6992,16850.0
2022-03-25 14:45:00,365.75,377.2,333.2,361.45,8100,20.882503,46700,17111.1992,16850.0
2022-03-25 15:00:00,330.7,388.6,330.7,350.2,50550,21.933199,442600,17134.6992,16900.0
2022-03-25 15:15:00,350.9,377.35,339.5,343.6,63700,21.645878,47450,17177.9492,16950.0
2022-03-25 15:30:00,347.7,347.7,347.7,347.7,100,22.049641,47450,17179.4492,16950.0
2022-03-28 09:15:00,386.1,386.1,327.2,337.3,65150,29.463628,41350,17082.6504,16850.0
2022-03-28 09:30:00,329.35,371.45,307.2,351.0,32200,27.230674,700250,17069.0508,16800.0
2022-03-28 09:45:00,351.0,355.35,312.4,314.25,86900,26.076767,53150,17077.0996,16850.0
2022-03-28 10:00:00,353.6,359.15,329.0,331.15,55850,26.867472,711950,17045.5,16800.0
2022-03-28 10:15:00,331.15,359.45,315.5,318.25,97000,26.875779,733500,17028.0508,16800.0
2022-03-28 10:30:00,318.25,356.4,310.4,351.05,39700,26.968914,41450,17022.8496,16750.0
2022-03-28 10:45:00,351.05,354.75,315.0,325.15,55450,26.488917,748950,17041.0996,16800.0
2022-03-28 11:00:00,324.6,333.55,315.9,327.65,55700,26.652386,748850,17043.6992,16800.0
2022-03-28 11:15:00,327.65,342.0,319.3,333.6,61750,26.502826,750700,17053.1504,16800.0
2022-03-28 11:30:00,333.6,353.0,308.4,318.0,55200,26.237562,752000,17034.1992,16800.0
2022-03-28 11:45:00,318.0,353.95,308.0,317.2,25350,26.955415,754850,17028.25,16800.0
2022-03-28 12:00:00,355.7,355.7,314.3,338.8,41200,28.055818,758500,17050.4004,16800.0
2022-03-28 12:15:00,299.25,365.4,299.25,324.5,34700,28.421918,63250,17077.5996,16850.0
2022-03-28 12:30:00,324.5,363.25,318.5,347.55,228650,30.64155,539650,17142.8496,16900.0
2022-03-28 12:45:00,349.0,374.3,327.35,353.6,162900,31.207499,139700,17196.75,16950.0
2022-03-28 13:00:00,352.95,357.4,329.0,352.05,49000,28.139144,136550,17217.4492,16950.0
2022-03-28 13:15:00,352.0,359.0,323.7,333.65,77500,27.066125,86100,17200.4004,16950.0
2022-03-28 13:30:00,373.2,373.2,328.1,346.2,140550,29.530177,467900,17151.0,16900.0
2022-03-28 13:45:00,347.0,363.55,320.9,323.8,91050,28.669195,92350,17175.8496,16950.0
2022-03-28 14:00:00,323.8,368.0,316.55,362.2,26150,29.669527,457200,17172.75,16900.0
2022-03-28 14:15:00,362.2,369.0,322.35,335.5,29550,29.370646,95900,17187.8496,16950.0
2022-03-28 14:30:00,335.5,352.3,322.0,322.0,22900,27.970601,96400,17179.8008,16950.0
2022-03-28 14:45:00,326.95,367.0,315.85,349.9,76150,29.241757,96300,17209.5508,16950.0
2022-03-28 15:00:00,349.9,365.2,309.0,358.8,271700,29.34373,76150,17221.3496,16950.0
2022-03-28 15:15:00,358.45,366.6,314.3,359.05,356800,30.400763,62900,17214.6992,16950.0
2022-03-29 09:15:00,318.4,337.8,279.0,303.9,149850,27.561497,114750,17287.3008,17050.0
2022-03-29 09:30:00,303.9,347.65,292.2,325.4,61450,29.359514,109250,17306.0508,17050.0
2022-03-29 09:45:00,325.4,352.7,302.7,344.05,68450,30.853397,1481775,17273.3008,17000.0
2022-03-29 10:00:00,299.6,351.5,299.6,305.75,44750,28.854045,110150,17283.5508,17050.0
2022-03-29 10:15:00,305.75,318.0,301.6,304.0,17800,28.044204,107050,17286.3496,17050.0
2022-03-29 10:30:00,304.0,345.25,295.6,332.95,194150,29.647245,1461175,17266.6504,17000.0
2022-03-29 10:45:00,332.75,339.7,288.65,300.15,101500,27.818215,108650,17283.3496,17050.0
2022-03-29 11:00:00,300.15,313.5,294.6,304.0,17250,28.199667,107700,17286.75,17050.0
2022-03-29 11:15:00,304.0,311.7,296.5,311.3,13400,28.265843,108700,17296.5,17050.0
2022-03-29 11:30:00,311.3,341.0,294.25,333.8,119400,30.731295,1437875,17263.5996,17000.0
2022-03-29 11:45:00,333.8,340.0,320.25,324.05,133450,30.20152,1434175,17254.0508,17000.0
2022-03-29 12:00:00,324.1,348.55,317.5,334.8,170050,30.701835,1434125,17266.0,17000.0
2022-03-29 12:15:00,334.8,347.75,300.0,307.7,89300,30.460363,106650,17280.9004,17050.0
2022-03-29 12:30:00,307.7,347.9,300.65,337.15,108950,31.302746,1440125,17266.75,17000.0
2022-03-29 12:45:00,337.15,347.25,296.0,328.0,82200,32.067943,104250,17300.0996,17050.0
2022-03-29 13:00:00,329.0,340.9,288.1,300.25,38300,29.370012,101000,17278.5996,17050.0
2022-03-29 13:15:00,343.35,345.0,300.0,330.35,349300,30.751415,1416275,17262.1504,17000.0
2022-03-29 13:30:00,330.35,339.65,312.0,329.0,163500,30.89515,1415625,17260.0508,17000.0
2022-03-29 13:45:00,328.65,340.75,322.95,326.6,194350,30.624972,1440725,17258.8008,17000.0
2022-03-29 14:00:00,326.6,345.1,289.35,298.0,136100,28.386435,94850,17282.9492,17050.0
2022-03-29 14:15:00,298.0,310.7,292.9,308.9,39450,28.018841,87350,17299.6992,17050.0
2022-03-29 14:30:00,308.9,316.2,283.45,298.8,33000,28.997298,87150,17281.5508,17050.0
2022-03-29 14:45:00,298.8,330.95,298.1,321.2,26400,29.781114,86100,17307.5,17050.0
2022-03-29 15:00:00,322.0,333.2,285.45,332.3,66000,30.538882,84150,17318.5508,17050.0
2022-03-29 15:15:00,333.2,337.05,283.0,303.0,341750,29.418779,720700,17335.75,17100.0
2022-03-29 15:30:00,302.2,302.2,302.2,302.2,350,29.338672,720700,17335.1504,17100.0
2022-03-30 09:15:00,350.65,354.7,292.35,320.0,107500,36.405771,199200,17414.5,17150.0
2022-03-30 09:30:00,323.3,329.45,279.85,291.9,382300,34.184505,2550500,17437.0996,17200.0
2022-03-30 09:45:00,292.8,300.95,286.0,298.0,430450,31.481804,2514000,17455.9004,17200.0
2022-03-30 10:00:00,299.0,300.8,285.05,291.45,209700,30.599626,2494550,17451.3496,17200.0
2022-03-30 10:15:00,291.45,305.0,288.3,299.8,240050,30.865647,2467000,17461.3008,17200.0
2022-03-30 10:30:00,298.85,311.0,264.75,280.8,272600,31.486574,568500,17485.4004,17250.0
2022-03-30 10:45:00,280.75,288.3,273.4,281.0,75450,30.854408,560750,17488.5508,17250.0
2022-03-30 11:00:00,281.0,298.25,280.0,291.0,91300,30.436001,537100,17503.0508,17250.0
2022-03-30 11:15:00,291.1,294.25,278.25,285.0,48600,32.312563,523000,17489.4004,17250.0
2022-03-30 11:30:00,285.0,297.9,281.4,283.2,59400,29.806448,511500,17496.5,17250.0
2022-03-30 11:45:00,283.2,291.0,277.25,284.2,33950,29.1303,510250,17500.4004,17250.0
2022-03-30 12:00:00,284.2,289.75,267.4,271.5,41300,28.871343,506150,17486.0996,17250.0
2022-03-30 12:15:00,273.3,316.5,263.1,280.9,49150,30.531231,499350,17492.75,17250.0
2022-03-30 12:30:00,279.95,280.1,269.35,279.55,25100,30.618317,495900,17491.3008,17250.0
2022-03-30 12:45:00,279.55,313.0,260.8,264.4,95200,29.027492,488800,17478.25,17250.0
2022-03-30 13:00:00,266.05,319.6,259.95,276.35,50200,29.407602,489150,17492.3008,17250.0
2022-03-30 13:15:00,276.35,289.3,273.15,276.5,41550,28.188361,483900,17496.6504,17250.0
2022-03-30 13:30:00,276.5,314.65,261.25,281.0,214450,24.110634,2474550,17462.75,17200.0
2022-03-30 13:45:00,282.75,291.15,242.85,289.0,599750,26.554223,2432650,17466.75,17200.0
2022-03-30 14:00:00,289.6,300.0,268.45,278.7,253450,26.184763,2420850,17456.0508,17200.0
2022-03-30 14:15:00,278.7,298.9,243.75,250.35,172800,24.008208,463750,17478.5,17250.0
2022-03-30 14:30:00,250.35,301.25,246.45,287.9,98000,25.250161,2405450,17469.4004,17200.0
2022-03-30 14:45:00,287.9,293.0,246.15,287.9,110200,31.53259,452400,17503.5,17250.0
2022-03-30 15:00:00,289.0,300.85,275.4,282.1,103850,31.025898,435000,17498.4492,17250.0
2022-03-30 15:15:00,281.05,306.9,260.2,305.0,105650,32.92923,2453800,17471.5996,17200.0
2022-03-30 15:30:00,302.4,302.4,302.4,302.4,100,31.585732,2453800,17472.25,17200.0
2022-03-31 09:15:00,245.95,286.2,198.7,252.0,727200,42.033659,384250,17491.5,17250.0
2022-03-31 09:30:00,252.0,278.25,226.35,247.0,914600,31.654816,1818600,17543.4492,17300.0
2022-03-31 09:45:00,246.9,258.0,245.7,248.55,602850,34.008647,1584050,17544.4004,17300.0
2022-03-31 10:00:00,248.55,250.25,234.45,248.1,350450,39.201675,1516650,17541.5508,17300.0
2022-03-31 10:15:00,247.2,287.95,233.0,283.2,241800,48.916637,378500,17523.9004,17250.0
2022-03-31 10:30:00,234.5,286.5,234.5,269.35,67500,44.391968,374250,17512.6992,17250.0
2022-03-31 10:45:00,269.35,279.45,227.3,230.95,122000,37.410994,1327450,17526.0508,17300.0
2022-03-31 11:00:00,230.95,280.3,229.55,269.35,60750,46.737409,370550,17512.9004,17250.0
2022-03-31 11:15:00,269.35,271.45,254.3,256.8,31100,30.834336,368650,17505.5,17250.0
2022-03-31 11:30:00,256.8,267.3,237.65,239.65,28500,31.724098,364500,17488.1504,17250.0
2022-03-31 11:45:00,239.65,285.0,227.8,283.25,124650,58.267901,1219200,17474.4492,17200.0
2022-03-31 12:00:00,282.85,285.85,227.0,233.35,105900,43.894598,359050,17478.9492,17250.0
2022-03-31 12:15:00,233.35,248.85,231.6,248.85,40800,48.561083,347500,17494.3008,17250.0
2022-03-31 12:30:00,249.0,265.15,249.0,255.95,47800,51.850322,339550,17501.4492,17250.0
2022-03-31 12:45:00,255.95,262.35,246.3,257.5,26450,47.010903,337350,17505.25,17250.0
2022-03-31 13:00:00,257.5,283.2,225.0,272.35,100400,61.05366,332450,17517.6504,17250.0
2022-03-31 13:15:00,272.35,274.3,234.9,235.3,64100,54.131572,334750,17481.8008,17250.0
2022-03-31 13:30:00,234.5,255.6,233.1,240.0,94650,66.007004,327050,17484.1992,17250.0
2022-03-31 13:45:00,240.0,251.95,230.0,237.0,25850,73.001735,324750,17480.3496,17250.0
2022-03-31 14:00:00,285.85,288.0,252.55,258.25,173750,68.715529,1112250,17455.9004,17200.0
2022-03-31 14:15:00,260.2,273.9,222.9,244.75,83850,87.070786,316050,17489.4492,17250.0
2022-03-31 14:30:00,244.75,283.55,231.6,248.55,247250,102.193422,954500,17443.1992,17200.0
2022-03-31 14:45:00,247.6,273.45,238.3,256.3,147900,151.829349,945650,17445.1992,17200.0
2022-03-31 15:00:00,255.65,276.0,217.35,269.0,191400,0.0,896000,17468.3008,17200.0
2022-03-31 15:15:00,270.0,271.6,259.9,264.45,210100,0.0,779050,17468.75,17200.0
